15357094
15305777
15235573
15228604
15336572
15306455
15263547
15361650
15247367
15179425
15295528
15281034
15334499
15287103
15188172
15273278
15272789
15478262
15333385
15240460
15395352
15364789
15283498
15287091
15249681
15362643
15304210
15275815
15264813
15369895
15228359
15304651
15286068
15355322
15294749
15240426
15308439
15320126
15182928
15356129
15235709
15192507
15251735
15193018
15276069
15247332
15270488
15307616
15366929
15284998
15361616
15306968
15368269
15282969
15154134
15287200
15286171
15237520
15196244
15215329
15201932
15286165
15285845
15199286
15267083
15264983
15273807
15300524
15139779
15310984
15209213
15189887
15277434
15187103
15278216
15262309
15289869
15264332
15231763
15277037
15290640
15259582
15282488
15213199
15272637
15415317
15270632
15178107
15179364
15216316
15243486
15255937
15276333
15258956
15249329
15193495
15184949
15197359
15214430
15266218
15261032
15256898
15186806
15257346
15182723
15270030
15192689
15196592
15267955
15204138
15194984
15220387
15273828
15253175
15183943
15186223
15163186
15251599
15203881
15186956
15212808
15188946
15278579
15251636
15214579
15261260
15144677
15205094
15187924
15268784
15255445
15260998
15262521
15262622
15192087
15195589
15288334
15251957
15192725
15248850
15263073
15235248
15211626
15172852
15183165
15212740
15248579
15282585
15197684
15185575
15114232
15273881
15191368
15264219
15187118
15263306
15255702
15267217
15188449
15260954
15273347
15260650
15200148
15197975
15256739
15199636
15256954
15263977
15253485
15179842
15250432
15180405
15194223
15201298
15262049
15226764
15198938
15185023
15263514
15282353
15280709
15259473
15262130
15251804
15194637
15253891
15204944
15141517
15217327
15142020
15265955
15255207
15173542
15201697
15185041
15241224
15262585
15180937
15193556
15193592
15266273
15263571
15121737
15195143
15249691
15209930
15261007
15262942
15272209
15259523
15198624
15243562
15268939
15180770
15196365
15246697
15268472
15189349
15272010
15255251
15262349
15130552
15263147
15247833
15135836
15191120
15257404
15174342
15259311
15263676
15292596
15205287
15275717
15251499
15256618
15266246
15162559
15253712
15258522
15182824
15277273
15253318
15215423
15196547
15190293
15248869
15272803
15258505
15204217
15178358
15208780
15225451
15198955
15222706
15148009
15217375
15233608
15223786
15219711
15183447
15230053
15217922
15210563
15226439
15233056
15213531
15185403
15195365
15206572
15141784
15227737
15218227
15226680
15202052
15181594
15223132
15191381
15238083
15196036
15215955
15195137
15212804
15196075
15214437
15232622
15214558
15190862
15239501
15179542
15225321
15203514
15203208
15221131
15197537
15247010
15273081
15266677
15259500
15202758
15245963
15265021
15251992
15264386
15256931
15265693
15256554
15202725
15183783
15258424
15259878
15268783
15246420
15198331
15183377
15251044
15254596
15259273
15177338
15271878
15204971
15272575
15212239
15135844
15255610
15189308
15238685
15196596
15256072
15154291
15182807
15227669
15155064
15224245
15194172
15187297
15232900
15249346
15186012
15220128
15242825
15188858
15233484
15222421
15131961
15187167
15198184
15222356
15182560
15186673
17262873
16215740
15233227
15247743
15296732
15309657
15211559
15244466
15182373
15143526
15184224
15252787
15228244
15249472
15226829
15253763
15254327
15204279
15236799
15253605
15203090
15210264
15195285
15219500
15214494
15210066
15200462
15279325
15175450
15279900
15261821
15163035
16491547
15440379
15208385
15234395
15194922
15259339
15211962
15192015
15206002
15308992
15292082
15153581
15194813
15277704
15211510
15226703
15211033
15280381
15267489
15209855
15259389
15218342
15231830
15237048
15268077
15213543
15244924
15290467
15288861
15130326
15205590
15270353
15233195
15212168
15244017
15240545
15200193
15194742
15198085
15230153
15200018
15228610
15184090
15200484
15191259
15237781
15241605
15207171
15223882
15247620
15198344
15145959
15225346
15189056
15183934
15229206
15217453
15235618
15232883
15236882
15192448
15186790
15260861
18273428
17240910
16192421
15135945
15235641
15192453
15183328
15233340
15254586
15238093
15264428
15251436
15189054
15213763
15198568
15270744
15260938
15261760
15205157
15271285
15193804
15261656
15264613
15196148
15186833
15274354
15200120
15264959
15200506
15209891
15202820
15295698
15260992
15210467
15254669
15201717
15227413
15179260
15263581
15201940
15202599
15275121
15193977
15197262
15279477
18222810
17184418
16120212
15269333
15247265
15190814
15237626
15214238
15217115
15227703
15118810
15211363
15213193
15229050
15216128
15227091
15179951
15233770
15188625
15231567
15188553
15196833
15200530
15225522
15188778
15162006
15191220
15198628
15196499
15211134
15230741
15223056
15182979
17858537
16831582
15780517
15193519
15205077
15233673
15225527
15131203
15190402
15181529
15237324
15217787
15160373
15207661
15181778
15192252
15197885
15263345
15259384
15252104
15265797
15182957
15277329
15258456
15186868
15249413
15233323
15253222
15262202
15134562
15194814
15182099
15253121
15260499
15261116
15248753
15254001
15197372
15185624
15258725
15176730
15186563
15268001
15259549
15126615
15192691
15198432
15265161
15261474
15186725
15255171
15201522
15176272
15259213
15176225
15251463
15257772
15216064
15185052
15172422
15228425
15224469
15192221
15213105
15229040
15219809
15146678
15215260
15183651
15196754
15185541
15175594
15179948
15202514
15196510
15229653
15241353
15200046
15225902
15174622
15229460
15117084
15183956
15234283
15240048
15222714
15229230
15202051
15213605
15184840
15225902
15195877
15193859
15193939
15228750
15269431
15144588
15213641
15219723
15193095
15239939
15251780
15270612
15178845
15278320
15191216
15274089
15282497
15259915
15185888
15259909
15199962
15195456
15255433
15218403
15182386
15193785
15267651
15239552
15270731
15251642
15248365
15265973
15173490
15259353
15185162
15274876
15215740
15258854
15259806
15235951
15200316
15272801
15193981
15272127
15263736
15201721
15248393
15269034
15263953
15318962
15256993
15240258
15302602
15253565
15271630
15236749
15298677
15255896
15302368
15260048
15203717
15259116
15199166
15192289
15192754
15247856
15196260
15189395
15268821
15252214
15260770
15203099
15259424
17235121
16197075
15191761
15188669
15259010
15254778
15258045
15183515
15197848
15269257
15214142
15185986
15215347
15188621
15252462
15174332
15269061
15178230
15194721
15187756
15215216
15268857
15181595
15186269
15298716
15198769
15266686
15274049
15274814
15197025
15260307
15183873
15161959
15188576
15255284
15211792
15268363
15257867
15221370
15185159
15192448
15266632
15253204
15181821
15267175
15165777
15293124
15263009
15268674
15262236
15230553
15209001
15278740
15198080
15269431
15270400
15273802
15227408
15263708
15261887
15270101
15261158
15199214
15207667
15267439
15266049
15267457
15262503
15239366
15179129
15264885
15271942
15134695
15210426
15264493
15231524
15274313
15267082
15261778
15283953
15203909
15273345
15265861
15265410
15214081
15195747
15196301
15206431
15262334
15260611
15264318
15198975
15201654
15188073
15186841
15263264
15267529
15193205
15207450
15274443
15271822
15265712
15146044
15197200
15275380
15258662
15188760
15270129
15274130
15153072
15263554
15190510
15266132
15294421
15187890
15189848
15262629
15293418
15192280
15195965
15191498
15186900
15188135
15187394
15214685
15265102
15261737
15261558
15277472
15189669
15194403
15264539
15261058
15193440
15263137
15301186
15202236
15294476
15208289
15146728
15313491
15259489
15182370
15259257
15253635
15176734
15224167
15267706
15188922
15282087
15221451
15238444
15180763
15276239
15244652
15276160
15257483
15243660
15261775
15179352
15286104
15126099
15188150
15266011
15180808
15190983
15269069
15193461
15196139
15263760
15273734
15273183
15215291
15251132
15328751
15296483
15331891
15296456
15302314
15238978
15213393
15242704
15213422
15240448
15306557
15322303
15271944
15221165
15194469
15251704
15228133
15271073
15266443
15262092
15244524
15262922
15191689
15206723
15262440
15195049
15192502
15263501
15257986
15183643
15273382
15270307
17413154
16379684
15317730
15291647
15258103
15260217
15128749
15191829
15255657
15190217
15215488
15257365
15234894
15275758
15264805
15258543
15273151
15185710
15200000
15261150
15257150
15272361
15259036
15179693
15247575
15229827
15251445
15184684
15196684
15257972
15191506
15205818
15259371
15185382
15255543
15201378
15258606
15183528
15259970
15180912
15280188
15255752
15270197
15134331
15253122
15264304
15262945
15256161
15248955
15230236
15190744
15192034
15267673
15271249
15269346
15254057
15146610
15267898
15220097
15191808
15194124
15184031
15186737
15189861
15276929
15247887
15191669
15259433
15273216
15182968
15196202
15189339
15197475
15186992
15254493
15273988
15267527
15252315
15186290
15258637
15198122
15267439
17336557
16302843
15249576
15271743
15198419
15193065
15205465
15266934
15275193
15269325
15269505
15255683
15257628
15131295
15267449
15280638
15189313
15201461
15182434
15317334
15185886
15190698
15276897
15240812
15269017
15190685
15264513
15259708
15265332
15189782
15187381
15197999
15186658
15206505
15206678
15200513
15266209
15270681
15189863
15272701
15248002
15253705
15268013
15185055
15203374
15264962
15280802
15252635
15270602
15194813
15194230
15258426
15259008
15182699
15258199
15266881
15253857
15253947
15176277
15206317
15267650
15261550
15261083
15189141
15192335
15192671
15196324
15265861
15196667
15261128
15286482
15267907
15236136
15282785
15262478
15184396
15187070
15257689
15269728
15189499
15195246
15197134
15257196
15264013
15202333
15225631
15183722
15154473
15220909
15196023
15187204
15221780
15245531
15196151
15248907
15192420
15187142
15218345
15186498
15228631
15198712
15180593
15160607
15198619
15216487
15177155
15198812
15208197
15225021
15219311
15210620
15222840
15233172
15220309
15227856
15180744
15215377
15127525
15218190
15225341
15220445
15175697
15227540
15129216
15207117
15242753
15195645
15192045
15255051
15251305
15262696
15263074
15271855
15276134
15195049
15860508
15259048
15185002
15264246
15199246
15263704
15261301
15254225
15271442
15255047
15266971
15254928
15239687
15267224
15184996
15185214
15183056
15260915
15265417
15206203
15273169
15262916
15254680
15252634
15182226
15187450
15203836
15199157
15174827
15199063
15244694
15194787
15163446
15149994
15125786
15187141
15225688
15177803
15206493
15186730
15219112
15225472
15168763
15204398
15217957
15234758
15224695
15218680
15219152
15142408
15226193
15220527
15215939
15210910
15229308
15221293
15123311
15177499
15214670
15197856
15180644
15190813
15194173
15217397
15211347
15236956
15190406
15177591
15223700
15188349
15222599
15165971
15199694
15197591
15211521
15190822
15279812
15190251
15265226
15243226
15270271
15260708
15218342
15198551
15180719
15193399
15119565
15285846
15177340
15184777
15196063
15264950
15192299
15263250
15245188
15185200
15248205
15259246
15274270
15249983
15255082
15199768
15207859
15183715
15183579
15189542
15191007
15185985
15252870
15189890
15256390
15250329
15202510
15261743
15202562
15191154
15253301
15258363
15251571
15243893
15229827
15226001
15178444
15154603
15242241
15216233
15215750
15228789
15198496
15225047
15189765
15237324
15237239
15182835
15225042
15183129
15194683
15189876
15126114
15198644
15190070
15186186
15242805
15186366
15189150
15225371
15177465
15197611
15184134
15213632
15231829
15183275
15222087
15202015
15193467
15187939
15183803
15211762
15221807
15189365
15142739
15225645
15215452
15257649
15291894
15256315
15261732
15186448
15194806
15217321
15199151
15262647
15254702
15257152
15260822
15140116
15251715
15261039
15258943
15262981
15184439
15186890
15268295
15154058
15194949
15185919
15199438
15204439
15194417
15185505
15191977
15187418
15189524
15268652
15242538
15264813
15264743
15263305
15183150
15246238
15191794
15272868
15258370
15242250
15255171
15182373
15166225
15194346
15242983
15226249
15219602
15225853
15180583
15172817
15183749
15227938
15188622
15227310
15184775
15224817
15214603
15187024
15239237
15227516
15166103
15221651
15183869
15108107
15197306
15265218
15195309
15183968
15220530
15186028
15192623
15204572
15210452
15191592
15248757
15218267
15233933
15234248
15182598
15213354
15192469
15251419
15259225
15257763
15226798
15225292
15255896
15263076
15190464
15255990
15177386
15146972
15253398
15239382
15258785
15247889
15185552
15253365
15254512
15265742
15201140
15186623
15189768
15200642
15211322
15199546
15267080
15189241
15268447
15263222
15270192
15258447
15251110
15263081
15188327
15134173
15152076
15258706
15262181
15199828
15266912
15203872
15193086
15216728
15234651
15181976
15189492
15229176
15201884
15229784
15114353
15222555
15206397
15196175
15236098
15236074
15188743
15210505
15228590
15230928
15206373
15249219
15196820
15210107
15184332
15207857
15190152
15230879
15229189
15178030
15227965
15198050
15121259
15191079
15201744
15196510
15189197
15182984
15141867
15234157
15229048
15186630
15219207
15181140
15183339
15235887
15266230
15181769
15265298
15189670
15186684
15263522
15253408
15264853
15172265
15242288
15251770
15183306
15269312
15175565
15192447
15253760
15191192
15262927
15267415
15255373
15189983
15280241
15177620
15262475
15230147
15188876
15188660
15258374
15182807
15255380
15188687
15258362
15259690
15204381
15185005
15241688
15190234
15185494
15189380
15189674
15263018
15257434
15181866
15278822
15190614
15199802
15198541
15193560
15271872
15273911
15263283
15261382
15189049
15186230
15196647
15251780
15254797
15243756
15266374
15205603
15144270
15268496
15192707
15261093
15254404
15283553
15202886
15258487
15261944
15270702
15194740
15196574
15259894
15181237
15254102
15105007
15285058
15261359
15258017
15271779
15260169
15266861
15253077
15255118
15266203
15203079
15201565
15217032
15195267
15272159
15195782
15255151
15268184
15269062
15187772
15257545
15265260
15257285
15210244
15255492
15259651
15264495
15256179
15259899
15255687
15219592
15246864
15187794
15231346
15206161
15258717
15271932
15259356
15255043
15256346
15257952
15260845
15186396
15200610
15251917
15267365
15249709
15252033
15198826
15247737
15180273
15244188
15205763
15259177
15195053
15288147
15410237
15282279
15254615
15217978
15200727
15196842
15177675
15268567
15215074
15195951
15219936
15139608
15276228
15232611
15293464
15230727
15187424
15287558
15199775
15277463
15273853
15218695
15281670
15286542
15218047
15210106
15132817
15199920
15212443
15269383
15197539
15194003
15285999
15283927
15218309
15265177
15262129
15276595
15205187
15199665
15304561
15139850
15279003
15283370
15265169
15281218
15201170
15258190
15196164
15185364
15198492
15264799
15212246
15204381
15279796
15253832
15207391
15271408
15202606
15267151
15256439
15190391
15267631
15214722
15203736
15203205
15279126
15321023
15194276
15255226
15271789
15272147
15189987
15188726
15184366
15269175
15282498
15258771
15199879
15199695
15274060
15201005
15278105
15193779
15273142
15219417
15253639
15195085
15264880
15196445
15248143
15191989
15267443
15201028
15199590
15246129
15206543
15278085
15290975
15260607
15271018
15204487
15181258
15195172
15212294
15221430
15192749
15207527
15128774
15212356
15287273
15263367
15204919
15266093
15278407
15193936
15250551
15263738
15194606
15276186
15284675
15268188
15187357
15126901
15263433
15259316
15198405
15205334
15271524
15188469
15192976
15210566
15270605
15204389
15199122
15204288
15200789
15299519
15266924
15189696
15227745
15265958
15197570
15194936
15263297
15129827
15255736
15261586
15190945
15274088
15194824
15273947
15189859
15204212
15185892
15194817
15258219
15273760
15269313
15216121
15223552
15274478
15205089
15212980
15274592
15269514
15270090
15266755
15186203
15262955
15200613
15195722
15255975
15197649
15272332
15143539
15173455
15198881
15198688
15279614
15182603
15268935
15188779
15257452
15181845
15271228
15216484
15279493
15257664
15258546
15187341
15200895
15266037
15271986
15189374
15269814
15274223
15226258
15262769
15269844
15201297
15197701
15193655
15282089
15190810
15192681
15155968
15200397
15210648
15258654
15191470
15178869
15158281
15244699
15192263
15274030
15283420
15285062
15283015
15272506
15253370
15206430
15257264
15199787
15211257
15275911
15264093
15200084
15273167
15188481
15283825
15265577
15195157
15185635
15207350
15202157
15179468
15270197
15274290
15262673
15198085
15194737
15226475
15189419
15191538
15228899
15214237
15268055
15253450
15266056
15192171
15198822
15283254
15266416
15254341
15251014
15261413
15191062
15195703
15224732
15200819
15181163
15198301
15201630
15202074
15190173
15198854
15186382
15188420
15194682
15259693
15258076
15187559
15247449
15278139
15198890
15266689
15274317
15188611
15220503
15267522
15195434
15274689
15195845
15264821
15281250
15253567
15182163
15201000
15262509
15191598
15259777
15185805
15191057
15208860
15270979
15278079
15262184
15265031
15188772
15196147
15200103
15246325
15193588
15267202
15278601
15257956
15289749
15278212
15145343
15302467
15267760
15208626
15257045
15253358
15208348
15212198
15265515
15271881
15197909
15285934
15203441
15198549
15201722
15206836
15233737
15223418
15235263
15241046
15238479
15190254
15167067
15237937
15235202
15240762
15242594
15201230
15225815
15236406
15216044
15232333
15236831
15233241
15193745
15237666
15247347
15215133
15214904
15229245
15196958
15234709
15213296
15203778
15221849
15207558
15235500
15218323
15220557
15247064
15205544
15239493
15200775
15274148
15281922
15273456
15206371
15210577
15196794
15128354
15279877
15201277
15182402
15298720
15285438
15275985
15261462
15205396
15195218
15197203
15271915
15274952
15206855
15205956
15141314
15290641
15212097
15265085
15286930
15208317
15197944
15276053
15282370
15266347
15259775
15218429
15281767
15203657
15272800
15268708
15204948
15281486
15271653
15195132
15244195
15238295
15135692
15240893
15191527
15206451
15236965
15228201
15237619
15228324
15228694
15200155
15236270
15241836
15248116
15196480
15233534
15153928
15246879
15195854
15221805
15239616
15200225
15224913
15204915
15182756
15200293
15239945
15239958
15242460
15227625
15242207
15190773
15237894
15171346
15241836
15206455
15224390
15241232
15210765
15286481
15271030
15268332
15208440
15273146
15207111
15196171
15280029
15277611
15279168
15201621
15268678
15200335
15266771
15233159
15194039
15194763
15271958
15288317
15201734
15295884
15283371
15210352
15268673
15186032
15209763
15281625
15280338
15205245
15232742
15275554
15200958
15261074
15262967
15214949
15199198
15186360
15191538
15280871
15197093
15275576
15251501
15204540
15225435
15166232
15225998
15195083
15239228
15258992
15257759
15227708
15199865
15240165
15237479
15238138
15231143
15201205
15241697
15200450
15239746
15230664
15223936
15208137
15183152
15231257
15189453
15157264
15231863
15238639
15228709
15468102
15245722
15234611
15254490
15193110
15192292
15228270
15220344
15279603
15249136
15258580
15198674
15269137
15269579
15273000
15208297
15195297
15202945
15265669
15179086
15266619
15268657
15282493
15269680
15258474
15202519
15130019
15200914
15281014
15277370
15214959
15199822
15262827
15248266
15205995
15265875
15279900
15282555
15266963
15269053
15196451
15280814
15260885
15196911
15273641
15190135
15198118
15199021
15173618
15199850
15191055
15193052
15236749
15153596
15198402
15197916
15227493
15233238
15241351
15236434
15243901
15192823
15230952
19492866
19637401
18584876
17532365
16467824
15455783
15250847
15191708
15230869
15197074
15204146
15210235
15191229
15242911
15272477
15177100
15237662
15205729
15247336
15196306
15203078
15238385
15198973
15228870
15232401
15238405
15211711
15237756
15208935
15277895
15209277
15163916
15201406
15212514
15252275
15200296
15259358
15213429
15193639
15204687
15194160
15216575
15194206
15277359
15195876
15254265
15215598
15190384
15260818
15276686
15271658
15257471
15157553
15261108
15270045
15268981
15260299
15283920
15268585
15201422
15180164
15472811
15221264
15266493
15276297
15198354
15256152
15231927
15215582
15264665
15283680
15196591
15216349
15231357
15227117
15266257
15233370
15199445
15198407
15229208
15230287
15223499
15226725
15201538
15180910
15197121
15230485
15198688
15237947
15121805
15201440
15191526
15173341
15264430
15196989
15230454
15217143
15239920
15214034
15233127
15178296
15194110
15233566
15226196
15179577
15240165
15207915
15227772
15194026
15232082
15198723
15240861
15256690
15269024
15269671
15277732
15294655
15266705
15259452
15115484
15197469
15189624
15235745
15199530
15191166
15191949
15393302
15281466
15268548
15204574
15275593
15266319
15266060
15256765
15262506
15199712
15269276
15184008
15258145
15200618
15211239
15190754
15201502
15198638
15260815
15261055
15256228
15202096
15262384
15220235
15189865
15269433
15269445
15267069
15197961
15256183
15196890
15263756
15255395
15266682
15316072
15219939
15271547
15245784
15186061
15265171
15271374
15312583
15273366
15268272
15253734
15196276
15187028
15194918
15261722
15201904
15264114
15257628
15207022
15190114
15194939
15177037
15201566
15191154
15259060
15188958
15184030
15198113
15183992
15197936
15258474
15192507
15204938
15196819
15183733
15106001
15243986
15207005
15259432
15260614
15195183
15186254
15183621
15197078
15211816
15260530
15260499
15194326
15267874
15258131
15253638
15256502
15269624
15266745
15270147
15129832
15199491
15232858
15185160
15191167
15248549
15253232
15265739
15248483
15258575
15186857
15269440
15188031
15190092
15204317
15197793
15258310
15259601
15188818
15283082
15191756
15186981
15274482
15194622
15259396
15262713
15258733
15197682
15189913
15258486
15256653
15189897
15186089
15279450
15291452
15256809
15264555
15186733
15205627
15266230
15211284
15265766
15252881
15260151
15278208
15290404
15193701
15193885
15274106
15200484
15201839
15259624
15222822
15209086
15288775
15292441
15209287
15304616
15321426
15201553
15283668
15251474
15302338
15247433
15305739
15309510
15180565
15203444
15214444
15267824
15202374
15269413
15288105
15219669
15254574
15202583
15207379
15209496
15288478
15274704
15273964
15202928
15271637
15243638
15200261
15256949
15268452
15258586
15213535
15197942
15196938
15260224
15202574
15264350
15190618
15189683
15196974
15208327
15191711
15209882
15183774
15265409
15275932
15206657
15198554
15187598
15285405
15275599
15194257
15193830
15221123
15258966
15269151
15215635
15262980
15197363
15198749
15270464
15214514
15268626
15300890
15273708
15205114
15189966
15189414
15200528
15192195
15196786
15203122
15267998
15202477
15281274
15203976
15200241
15206592
15267791
15269455
15214407
15268730
15262828
15222082
15287805
15268569
15291620
15277785
15195001
15229623
15265740
15190420
15261960
15204516
15259198
15265468
15278842
15260377
15141639
15279977
15194632
15276260
15264645
15268047
15268980
15262440
15270779
15271665
15272743
15213843
15280162
15316026
15195863
15218524
15181721
15273526
15195955
15279154
15269375
15268002
15198117
15261722
15211895
15267278
15273191
15270006
15194383
15273530
15272157
15222838
15260905
15199979
15256857
15205501
15265727
15190912
15278086
15264534
15271885
15219782
15198605
15209280
15264884
15194878
15196187
15268670
15258583
15253054
15292814
15197292
15218008
15283159
15198102
15258054
15278372
15192755
15266281
15261081
15182633
15281460
15207785
15217326
15287827
15279557
15272188
15238736
15281110
15278003
15264989
15280337
15272665
15281768
15167859
15194434
15260754
15280407
15196297
15209985
15270139
15268488
15193820
15284168
15268232
15287615
15291998
15265234
15155960
15206205
15210829
15219795
15202418
15287870
15203346
15214472
15286361
15262404
15274356
15260723
15267479
15269731
15281033
15283155
15125896
15206179
15192897
15207288
15205726
15266211
15272345
15198835
15212157
15273172
15273343
15217598
15191968
15197856
15275854
15275721
15203684
15195962
15279977
15256787
15277759
15252482
15202630
15276401
15219174
15294486
15206717
15283410
15195992
15316139
15261387
15272117
15201519
15199701
15197526
15199064
15312542
15194575
15326243
15249100
15279642
15254246
15204573
15275884
15231157
15277841
15200952
15265309
15209903
15276957
15281012
15274011
15264013
15272612
15268206
15192395
15274339
15269332
15277206
15134846
15200064
15202149
15206949
15299110
15272668
15262391
15266674
15188008
15269868
15290540
15199180
15207480
15264308
15279174
15213514
15278085
15203722
15272268
15203880
15240260
15205107
15198538
15187053
15204256
15210012
15251567
15249511
15198194
15206325
15136742
15196397
15213530
15251136
15235839
15242481
15208757
15243482
15234394
15213501
15248237
15214723
15239217
15260287
15227134
15213956
15245411
15213281
15204706
15219988
15243183
15239018
15179917
15208507
15232600
15238147
15215396
15237419
15240812
15205876
15249386
15203192
15207376
15224964
15202035
15277310
15266437
15144705
15273342
15208184
15216298
15178693
15195585
15277463
15204075
15258686
15199860
15223337
15204066
15217836
15174529
15196070
15141405
15272796
15204099
15285614
15224239
15220736
15269079
15261391
15286080
15250477
15245728
15240217
15325186
15258414
15183685
15284971
15273385
15345229
15266444
15323246
15313092
15196292
15251428
15259114
15207442
15313877
15182085
15287717
15205379
15239915
15251335
15272324
15283726
15255477
15244646
15235984
15204597
15251754
15253536
15242519
15243387
15196458
15248390
15242297
15208218
15209786
15242071
15200146
15244514
15250113
15242147
15259667
15285198
15249781
15306094
15298358
15242288
15182405
15217445
15236143
15271425
15241671
15202813
15221290
15201262
15207117
15219051
15204943
15207705
15287681
15277003
15218740
15272651
15195910
15271099
15272806
15209940
15284965
15279476
15131815
15207847
15269044
15287134
15263260
15220650
15277261
15277103
15276214
15275421
15279722
15226077
15212373
15286018
15297199
15273135
15276810
15274987
15201391
15222933
15273576
15281563
15213263
15213406
15206590
15280400
15274679
15203830
15217200
15276016
15210411
15236427
15233840
15195962
15263186
15242469
15224270
15175817
15210651
15248245
15199266
15254778
15241121
15246748
15240669
15233119
15241847
15248106
15239179
15215442
15204800
15252384
17266303
16285080
15250093
15218790
15245269
15248752
15263800
15233805
15206303
15263397
15201550
15207215
15214530
15201781
15214322
15206523
15234846
15192741
15247831
15240266
15263958
15196677
15157258
15262654
15278242
15279554
15258347
15276374
15218993
15272019
15207774
15273553
15219810
15191710
15199004
15195766
15263711
15138172
15283158
15278888
15197942
15277798
15277517
15280048
15275300
15267259
15210529
15185305
15209868
15203946
15287298
15272527
15139560
15284952
15261062
15192837
15206457
15267856
15191328
15281448
15270793
15294950
15206729
15242616
15239535
15206513
15234871
15150667
15245055
15242374
15246180
15197314
15244582
15270066
15174862
15210159
15199204
15201400
15257192
15252196
15245863
15253176
15248664
15283000
15289997
15292889
15238685
15284372
15244786
15245155
15212052
15198918
15251683
15256359
15209188
15233242
15255472
15235241
15291425
15248793
15194413
15235729
15164022
15206272
15206088
15201203
15195473
15273538
15199663
15195900
15265491
15273542
15274734
15271266
15191430
15282724
15191527
15279104
15210820
15270912
15204945
15264354
15196301
15270027
15279053
15251519
15288139
15272070
15200223
15263276
15280110
15266562
15267691
15224220
15270281
15923352
15265605
15211586
15259796
15181052
15265043
15184588
15204509
15230685
15200542
15194501
15215003
15229122
15178272
15235333
15245166
15244796
15191287
15233077
15232040
15128612
15229430
15201451
15232937
15284001
15192260
15198300
15200044
15230659
15223627
15226551
15210044
15204561
15190740
15197609
15225116
15197897
15240279
15222577
15281919
15235654
15232063
15207733
15204732
15270352
15236212
15248985
15223363
15232892
15186731
15123515
15258314
15268945
15261816
15267973
15315955
15266026
15136890
15280789
15273899
15195563
15284038
15182485
15264225
15267457
15280197
15286574
15281782
15275931
15262405
15277699
15206201
15222377
15270334
15285467
15211252
15279574
15274288
15264349
15281411
15269797
15698708
15272488
15278461
15258691
15200347
15161660
15207597
15286422
15270524
15206664
15210414
15203843
15211853
15223248
15269057
15200907
15203534
15264700
15256417
15194288
15217703
15194450
15267721
15256355
15288326
15272594
15267371
15196183
15212621
15206597
15279496
15271330
15271040
15189906
15203349
15271750
15251279
15209626
15274764
15209757
15198037
15271913
15287880
15131109
15258651
15194575
15194946
15262053
15255586
15213127
15273200
15269316
15279118
15212941
15278519
15273079
15261599
15285051
15260747
15278741
15265523
15181395
15265105
15200647
15278747
15113682
15184252
15271245
15260430
15204052
15199700
15203300
15270686
15278305
15264046
15276446
15270748
15265354
15273033
15263120
15145712
15265406
15267097
15272365
15195025
15253305
15279713
15193061
15254917
15267348
15198351
15271395
15243446
15271426
15195172
15131708
15196790
15313633
15268669
15209380
15273055
15193013
15275769
15194251
15281352
15266840
15206469
15278255
15215581
15281308
15303823
15268312
15196299
15196936
15256505
15264228
15193617
15135724
15204861
15274006
15208591
15283669
15287142
15271554
15203922
15184969
15185903
15187347
15188675
15279233
15203212
15265351
15207339
15201254
15195231
15194545
15299499
15207349
15197196
15265206
15200046
15279970
15194416
15280757
15197366
15197730
15258736
15226662
15274702
15407678
15264072
15262248
15268961
15147228
15165804
15199373
15199787
15280060
15190738
15196027
15267565
15271489
15206337
15290355
15263611
15271087
15256157
15262904
15265681
15223701
15166604
15268758
15204909
15273788
15204754
15189314
15193370
15264364
15280851
15191131
15266098
15207003
15195863
15261248
15196420
15198337
15268949
15268262
15223007
15265906
15213308
15276601
15272884
15273359
15197570
15287919
15267620
15273779
15204293
15283253
15196731
15271637
15267730
15259936
15188299
15260307
15209712
15220967
15279011
15269146
15268628
15286543
15263098
15277097
15284758
15276110
15204777
15272415
15223336
15275225
15210589
15137804
15191920
15267030
15205347
15260898
15272084
15278932
15269444
15273127
15265535
15315486
15230292
15282638
15190192
15271235
15111220
15284271
15200304
15198716
15278035
15274122
15271120
15200710
15273207
15272178
15213748
15267127
15269448
15195007
15210380
15213589
15253944
15266748
15274461
15256636
15192430
15263475
15195633
15191820
15276486
15262182
15276918
15267846
15198656
15273881
15271075
15198020
15245289
15267741
15269041
15178570
15205067
15218995
15212647
15197020
15268198
15203026
15265695
15288596
15267277
15197588
15193515
15283829
15208862
15270821
15270433
15185328
15127965
15257973
15282795
15274897
15284391
15204645
15259397
15316094
15202645
15263154
15193033
15259300
15266012
15147237
15191836
15157354
15272445
15223270
15266601
15267126
15203403
15194529
15137657
15204248
15261636
15269372
15277093
15204428
15294444
15202493
15296226
15270719
15280607
15199190
15192119
15190689
15199411
15089929
15281395
15281387
15202615
15270702
15190987
15256118
15273509
15185823
15192269
15221252
15272106
15204033
15208082
15193562
15219936
15266023
15268433
15274349
15267204
15306535
15271212
15133748
15272975
15276855
15279369
15268476
15263783
15202433
15256220
15264564
15272103
15206839
15204659
15194530
15296662
15182270
15224812
15283332
15238107
15269591
15279072
15273895
15196707
15275051
15258602
15210550
15195530
15225060
15276470
15272659
15281286
15142163
15201726
15199707
15280717
15209535
15245018
15198796
15138744
15193903
15271464
15189792
15308146
15275507
15206710
15198458
15278014
15290026
15266428
15274351
15202639
15270843
15292600
15200221
15274137
15230922
15209147
15277082
15246508
15200386
15210830
15266069
15284416
15197586
15245633
15234321
15233785
15200529
15173711
15218042
15247357
15255723
15265547
15223685
15244970
15243409
15200526
15240761
15236174
15343243
15262474
15237164
15241953
15242588
15207285
15232499
15228794
15193341
15207598
15204557
15179395
15225354
15223404
15198712
15241771
15193998
15243226
15202687
15200631
15202409
15235177
15231210
15221560
15201573
15264471
15213461
15211985
15268170
15313907
15284037
15201484
15194404
15261537
15267898
15224745
15273030
15270301
15277754
15274704
15274284
15146059
15266540
15266947
15205032
15285633
15260547
15266454
15139583
15209240
15276864
15234023
15193914
15206967
15201397
15266834
15294943
15210519
15200075
15287101
15287079
15216472
15274476
15214677
15285782
15266566
15222779
15205605
15196596
15237559
15235589
15231478
15212273
15205596
15244249
15197851
15206442
15190996
15161894
15209787
15221634
15236954
15246859
15232186
15199641
15233550
15246227
15212524
15247699
15210872
15248615
15205327
15210760
15163292
15242549
15197345
15149174
15224289
15225899
15202550
15182358
15234363
15252575
15212735
15232172
15241141
15194133
15231243
15269270
15210713
15276438
15279132
15252203
15253337
15205263
15130143
15271430
15201792
15267241
15207535
15257335
15208300
15290330
15279238
15185567
15206691
15190533
15253970
15269692
15276462
15202956
15276083
15275223
15210972
15186490
15271687
15276672
15264648
15200293
15269102
15253344
15217810
15254909
15207576
15257178
15144863
15275154
15303670
15213413
15206905
15227042
15251308
15202623
15200500
15229154
15222257
15204467
15205495
15239176
15236363
15184953
15222914
15213843
15229949
15253501
15213785
15233492
15184105
15236258
15232122
15234968
15247066
15156515
15201724
15223714
15240292
15247794
15230934
15243700
15232939
15235852
15194909
15169280
15244557
15235232
15193751
15208596
15223577
15264397
15214292
15206499
15292043
15262345
15281502
15270990
15258881
15291174
15200481
15200736
15209777
15296961
15306214
15262201
15267164
15208251
15272286
15264265
15271640
15262883
15277614
15211134
15271984
15269332
15273137
15265479
15294772
15264738
15269331
15275050
15202692
15284162
15275652
15232580
15282290
15245364
15217515
15187433
15248463
15229123
15238457
15236013
15244537
15233948
15240764
15171903
15224606
15217304
15234949
15248178
15245251
15202816
15230378
15228123
15223371
15230906
15205567
15192717
15231172
15232130
15141269
15235147
15233914
15233249
15245931
15242430
15252440
15233425
15218835
15195264
15198445
15195275
15270473
15260832
15276703
15224240
15265547
15273574
15266774
15284998
15272639
15208661
15164384
15186098
15195963
15200997
15312368
15196063
15266481
15275164
15268494
15188154
15263222
15204894
15264735
15269552
15210802
15233927
15261672
15270233
15271077
15279221
15240502
15279078
15269705
15275608
15326895
15201170
15211233
15216131
15204935
15252788
15252186
15259900
15199328
15203022
15186913
15244581
15249482
15178534
15207729
15221942
15229878
15265436
15250922
15240317
15247024
15238133
15247202
15209528
15255842
15238914
15229614
15245759
15181708
15201999
15239349
15257356
15285983
15247497
15240761
15205891
15245773
15199863
15216458
15182489
15243996
15196185
15210031
15256046
15286590
15276949
15205203
15266931
15291239
15278498
15226647
15289736
15210465
15279891
15206798
15203110
15282759
15261898
15257175
15278543
15284637
15330593
15287131
15282299
15195641
15209353
15285746
15197770
15274250
15310381
15212535
15274079
15295208
15218010
15274476
15209868
15206029
15281395
15205091
15206732
15276463
15266642
15269524
15194468
15277678
15266022
15210177
15205512
15215635
15194848
15285209
15272912
15154098
15274836
15277081
15271293
15202556
15219159
15196608
15243235
15276992
15205716
15206422
15199137
15271147
15277685
15275037
15199084
15296996
15281045
15348734
15332059
15327847
15257080
15281886
16175685
15235828
15272805
15312532
15331381
15258954
15336700
15217321
15276162
15205934
15292036
15280700
15216199
15276754
15267415
15290692
15204056
15287603
15283795
15257422
15253749
15277762
15266907
15142165
15283830
15289697
15200444
15299979
15298077
15272696
15202742
15209661
15204484
15192962
15220292
15277128
15242976
15281858
15212533
15279534
15264472
15201314
15273503
15207744
15274555
15205431
15259959
15268625
15209359
15284399
15293564
15198322
15286572
15128441
15296285
15277239
15266929
15210809
15208196
15275552
15274057
15234657
15202724
15192783
15194330
15275929
15197250
15213642
15267708
15210413
15250718
15275419
15283636
15270373
15168564
15146348
16393934
15400656
15312199
15267367
15271186
15276781
15268618
15283204
15263741
15282681
15200270
15272072
15208528
15199915
15204078
15275239
15211292
15270602
15290054
15270866
15207256
15273985
15257561
15275323
15194599
15250334
15267313
15199087
15193820
15157388
15209554
15187122
15270914
15292666
15274755
15269431
15274181
15264483
16366824
15324062
15289306
15279871
15280270
15283367
15199138
15217855
15285225
15306879
15218366
15285657
15268905
15278142
15277333
15205803
15212956
15299406
15281625
15283765
15292293
15345875
15286617
15273069
15303354
15264695
15287939
15209804
15211973
15278380
15262616
15271677
15295608
15202632
15194818
15292624
15272783
15196726
15269684
15281247
15278940
15202011
15281570
15088499
15288215
15221540
15304646
15215995
15202331
15269871
15208560
15201832
15212524
15208606
15222788
15282205
15290396
15287561
15182003
15225057
15278039
15204322
15292013
15206595
15271854
15223942
15228210
15274110
15293853
15288279
15291483
15200966
15215655
15291587
15215657
15290984
15214111
15204242
15218284
15294762
15153868
15200817
15285178
15203263
15305614
15299443
15269739
15283721
15202656
15282834
15300717
15276206
15208454
15218030
15207658
15224763
15226092
15216410
15202851
15248885
15284500
15309430
15284055
15286816
15273297
15291304
15274416
15280132
15214839
15198213
15149775
15293948
15295409
15288904
15301898
15293522
15280306
15297993
15220566
15299284
15292490
15203317
15300034
15280604
15217568
15150952
15220369
15231024
15359582
15234779
15214578
15283128
15289028
15210853
15293445
15303078
15238759
15213967
15213149
15320456
15306826
15280875
15207351
15287164
15215014
15283489
15284413
15214978
15208339
15296291
15216767
15212989
15290697
15216701
15298095
15305470
15285770
15285967
15294812
15301362
15291616
15220845
15155543
15218206
15212814
15284496
15216370
15309043
15282733
15220934
15200836
15289307
15209923
15216912
15295986
15223553
15212551
15215795
15231292
15245254
15290256
15203214
15215950
15291313
15140835
15298837
15291420
15210204
15312952
15298458
15215866
15213001
15290547
15212921
15228963
15219675
15201543
15289249
15288148
15222173
15301878
15223185
15282251
15275648
15283854
15218040
15277877
15288359
15215394
15285891
15272494
15299589
15274001
15290327
15217572
15204606
15209534
15206945
15218762
15211610
15280006
15280568
15292330
15285314
15278183
15294686
15214553
15239602
15206769
15205920
15269011
15208587
15279407
15278501
15208795
15296233
15246461
15293712
15284234
15207126
15319904
15279602
15277889
15284975
15299659
15274844
15277934
15290734
15265981
15275829
15252887
15193052
15253212
15247475
15250490
15281938
15224972
15208506
15240001
15262296
15206563
15260899
15219439
15244763
15251836
15229650
15150092
15255439
15253653
15250745
15268936
15247565
15247837
15245621
15203553
15255803
15212375
15271368
15259667
15217806
15267359
15216180
15212781
15224785
15255887
15219982
15214795
15278755
15253022
15302106
15285834
15215082
15330138
15284188
15292373
15286011
15221833
15212155
15213543
15233618
15281752
15269502
15284006
15154762
15226031
15290765
15227417
15293404
15205870
15212618
15239829
15226436
15372902
15282512
15211289
15228316
15281052
15286172
15213734
15289426
15270118
15228116
15280612
15289605
15284770
15278431
15282647
15276819
15281775
15212363
15215952
15258318
15277708
15148775
15249189
15213315
15264362
15260293
15205942
15247915
15271422
15251396
15233894
15223098
15243849
15263651
15218122
15248667
15253004
15214076
15251551
15237635
15222952
15249179
15254241
15197561
15250783
15248300
15212548
15223668
15199989
15218320
15240372
15221264
15241931
15252030
15249184
15262475
15223999
15218046
15229774
15295096
15213712
15217807
15283288
15276218
15228281
15263594
15211442
15214660
15235733
15287680
15209506
15277486
15286322
15220729
15220709
15241996
15280838
15249960
15296397
15219417
15208014
15280786
15293617
15238850
15226164
15231433
15307484
15201470
15221019
15285946
15276841
15215077
15210645
15294016
15218920
15226544
15286807
15291658
15292146
15224535
15204670
15243616
15235592
15247775
15247522
15205961
15212028
15260027
15260173
15213947
15193876
15246783
15202415
15254243
15255698
15224162
15246216
15213760
15246378
15262898
15209468
15239156
15227004
15202835
15248795
15213969
15242975
15233956
15252686
15224560
15260228
15227315
15208668
15250358
15252885
15248274
15262849
15247005
15249442
15211771
15269638
15207855
15215727
15274052
15269669
15209770
15272598
15149996
15217286
15275529
15272685
15286130
15230634
15223558
15205685
15218337
15265858
15295202
15210693
15274046
15300933
15276039
15214647
15291741
15200691
15223238
15210187
15291943
15215416
15282479
15283417
15285942
15211621
15296314
15239380
15283205
15288753
15214810
15215563
15293317
15291705
15269772
15213255
15239791
15204423
15275271
15245045
15254333
15252092
15218481
15242934
15249015
15253837
15232273
15270983
15281122
15253570
15275766
15257760
15109724
15223466
15243344
15212805
15260903
15246759
15245751
15258055
15247771
15244565
15252040
15211857
15246814
15214269
15219106
15202384
15274441
15217959
15245331
15257422
15248628
15281498
15298436
15282867
15285712
15278975
15204658
15281762
15281165
15279133
15291511
15202594
15281907
15296162
15290768
15283629
15212540
15142587
15295829
15294138
15276525
15303586
15274405
15283691
15278080
15280629
15271570
15221906
15283821
15282517
15212905
15295534
15168205
15298950
15308337
15292478
15208142
15209480
15205759
15259439
15207475
15250128
15242193
15270836
15248411
15243712
15205604
15137955
15240103
15220501
15239449
15241418
15194231
15263679
15259084
15244873
15238143
15217199
15203920
15255444
15248445
15256623
15145879
15251812
15247483
15245469
15208582
15268467
15250374
15180762
15244827
15250054
15210807
15261857
15238563
15255847
15209686
15291426
15276132
15293631
15215501
15221040
15269589
15294223
15229943
15210657
15224935
15295732
15279455
15278390
15211990
15273607
15284933
15276617
15279018
15272598
15290394
15274903
15288720
15251574
15275651
15218990
15210578
15214610
15205014
15284862
15286090
15284434
15209082
15293981
15292003
15293632
15286803
15296840
15273933
15292375
15278942
15279816
15273485
15219647
15298054
15218574
15293443
15206866
15276036
15287657
15277840
15238064
15282293
15230218
15287758
15286343
15209274
15288633
15204225
15277570
15138784
15218127
15284969
15286778
15280199
15206137
15222302
15263251
15284105
15279062
15293774
15263925
15300372
15285585
15205220
15222465
15228018
15303685
15270581
15217973
15214624
15267399
15201180
15277379
15294541
15279733
15287999
15289867
15323034
15284634
15280794
15261497
15335610
15332556
15296760
15321264
15281031
15191472
15211542
15300065
15280354
15283636
15222108
15234182
15189053
15284363
15218470
15284175
15299033
15195652
15285080
15212365
15298523
15229393
15283180
15280306
15273459
15289227
15285202
15201735
15228880
15154979
15226953
15281751
15207830
15286769
15223788
15285664
15284459
15285100
15301480
15282878
15284363
15295077
15287918
15284838
15214119
15267694
15275780
15280344
15282829
15167064
15214640
15300031
15284608
15270697
15279564
15289008
15213399
15277937
15290161
15282372
15221049
15276784
15294881
15215819
15216426
15215538
15284890
15286322
15285466
15277764
15211696
15260990
15285907
15298649
15295995
15214297
15294538
15205551
15285664
15295380
15286632
15285234
15285333
15284921
15286432
15278595
15153434
15273964
15284152
15292224
15291449
15294233
15278643
15219362
15266955
15252111
15282408
15275130
15203358
15219015
15199345
15153169
15232621
15291901
15222429
15284958
15268490
15228515
15284818
15311539
15287884
15276623
15297531
15283106
15208545
15212872
15191664
15218995
15286295
15211244
15216753
15280344
15205541
15281969
15281538
15291069
15228444
15281577
15282584
15229710
15284599
15225755
15225937
15281077
15205774
15200447
15278231
15229565
15214459
15209920
15285548
15280011
15234092
15271278
15280061
15287948
15281343
15223233
15204784
15281395
15296387
15280306
15296951
15225205
15287006
15273557
15285187
15291405
15214086
15300535
15294031
15206276
15263995
15291230
15288033
15286395
15287724
15206524
15217143
15281365
15291374
15301647
15216384
15203579
15282965
15282485
15296692
15299881
15195640
15301164
15280231
15293622
15212287
15165670
15282771
15210772
15210153
15272339
15289736
15214147
15251163
15239536
15278897
15274580
15295873
15279051
15200051
15290191
15286473
15207637
15287298
15290160
15292741
15292452
15286510
15212935
15200963
15224834
15290574
15215165
15284065
15215657
15211932
15281633
15294836
15298559
15305996
15273311
15298242
15276600
15144302
15286504
15226453
15221564
15210440
15220425
15283859
15200038
15281118
15290064
15214697
15226535
15225657
15272663
15240549
15218035
15223900
15290447
15291434
15280957
15291915
15291797
15229122
15293532
15210625
15214435
15225215
15229046
18005048
16948636
15928053
15282180
15231113
15216037
15296851
15288626
15213692
15218585
15298997
15276788
15277563
15282181
15274525
15280094
15273798
15224409
15199907
15288821
15213689
15227043
15294479
15288169
15148800
15272916
15205352
15279463
15211265
15280769
15289611
15917105
15207862
15305683
15239207
15240508
15212820
15278464
15215901
15146516
15285841
15286075
15528029
15213167
15273598
15280954
15196624
15261808
15285743
15282697
15292823
15217547
15286713
15278444
15225238
15212807
15211063
15218605
15277308
15213234
15204512
15160260
15224564
15225823
15318795
15301156
15221328
15308765
15281341
15288998
15291829
15205170
15290916
15216623
15209657
15212157
15228458
15284531
15218320
15182420
15268726
15291813
15285911
15306327
15286987
15255823
15243683
15224952
15264059
15254826
15256310
15176262
15667666
15209218
15220111
15249034
15221520
15243727
15255198
15252791
15204635
15244621
15248495
15257385
15254331
15248797
15206424
15247269
15253687
15254764
15216066
15264999
15252213
15140172
15214531
15262048
15254506
15261447
15269041
15249077
15222713
15261454
15209864
15262269
15219517
15284348
15284277
15282202
15231610
15283358
15292747
15284013
15285720
15286671
15279444
15218323
15214960
15278832
15289051
15289644
15284028
15222455
15299708
15247177
15213108
15280712
15280711
15266990
15216848
15209726
15208533
15224815
15235729
15301537
15312784
15228699
15215544
15292655
15287095
15210507
15298323
15292887
15254576
15217594
15208618
15190446
15252856
15248858
15211142
15246497
15243560
15237225
15252768
15246311
15204951
15266729
15260010
15218498
15192768
15216895
15148276
15252321
15239531
15220160
15249976
15215827
15214041
15217222
15192775
15198507
15208700
15251475
15221754
15263804
15283842
15187160
15261716
15294709
15217509
15238372
15249765
15263017
15178862
15208004
15290706
15220172
15300529
15293209
15310190
15282952
15307359
15280178
15294141
15283572
15210198
15294801
15219374
15232970
15243929
15294064
15280839
15293906
15285250
15210738
15288149
15263693
15296051
15276569
15332767
15218904
15315442
15284324
15241426
15314390
15219317
15296221
15267977
15285971
15205885
15189347
15286183
15263862
15203306
15246136
15209696
15240644
15237161
15252995
15221714
15212396
15244631
15238735
15264475
15204395
15189352
15255625
15259090
15203572
15253979
15207600
15250209
15245775
15265081
15255367
15212176
15243140
15258713
15259143
15254789
15191622
15238509
15216724
15222000
15234977
15276408
15209182
15255269
15247133
15249360
15212065
15239163
15279357
15271301
15233751
15289073
15219254
15287422
15287524
15273769
15275871
15281897
15161099
15279014
15289993
15225498
15209480
15231055
15290154
15272020
15230910
15218277
15289223
15203242
15291149
15202563
15288628
15235783
15272777
15201057
15288865
15280487
15291216
15275307
15295615
15275127
15210575
15285253
15289072
15283352
15244680
15247325
15191716
15228010
15203030
15246456
15269669
15253686
15197154
15251158
15252415
15248131
15244473
15251522
15270281
15232167
15258585
15244855
15258419
15237952
15259509
15241778
15260726
15253336
15194069
15256678
15163317
15201653
15203649
15244567
15216238
15225016
15221832
15248803
15213573
15254959
15204014
15286433
15287847
15133586
15312794
15295682
15199241
15290631
15285433
15293206
15299138
15271309
15280186
15289051
15295531
15286346
15284933
15231689
15230000
15214121
15288095
15290406
15229741
15302736
15293969
15293219
15278363
15215749
15297254
15284015
15225035
15292270
15330892
15224325
15202100
15280326
15280748
15279956
15213777
15234956
15190620
15233492
15257612
15256396
15227061
15244322
15260470
15250248
15259277
15219293
15260147
15224082
15249089
15246309
15245015
15203853
15203022
15257225
15246520
15206668
15244529
15264204
15248159
15205075
15241208
15252390
15247645
15254466
15227698
15248241
15190875
15254095
15253631
15258413
15257311
15290492
15302303
15271797
15237065
15308839
15288382
15280277
15295191
15309085
15281760
15211052
15284399
15207824
15212657
15282561
15279523
15209974
15144953
15294663
15226225
15302242
15309679
15287806
15299961
15232019
15292584
15213148
15293934
15280839
15278953
15283986
15292298
15227983
15216351
15214702
15293956
15298226
15222279
15214884
15313697
15216530
15316166
15295974
15287244
15289116
15303426
15293962
15238151
15291332
15298911
15285340
15278884
15304394
15278147
15245661
15217331
15290233
15266658
15302513
15294593
15302990
15216227
15282785
15218653
15285616
15180581
15282017
15292786
15296069
15247623
15217206
15281111
15285095
15285991
15299452
15211066
15217808
15293387
15208524
15282023
15217978
15214513
15277700
15300764
15231426
15226613
15296926
15220654
15300596
15287285
15286785
15248210
15290390
15288656
15276028
15304559
15226428
15296018
15292562
15234593
15219629
15228819
15290296
15290152
15298502
15218831
15242800
15304013
15247348
15227288
15195656
15218338
15216686
15284583
15118766
15198425
15297391
15278236
15292341
15177365
15204534
15251976
15289008
15210040
15275256
15314164
15293049
15289803
15282529
15231531
15290830
15239596
15299534
15208328
15277969
15213391
15213968
15294664
15221015
15281727
15300752
15205948
15283003
15217894
15227861
15281888
15290307
15213858
15286183
15289412
15285138
15167490
15283842
15318575
15298989
15289870
15214272
15280791
15293722
15276832
15216407
15292057
15317784
15291907
15219945
15214799
15174303
15218010
15282604
15288175
15223259
15266695
15289596
15291507
15294474
15284976
15278927
15218748
15287340
15246069
15277543
15287350
15213869
15278891
15318688
15271834
15294144
15301946
15222687
15229719
15231941
15298156
15293314
15226126
15289302
15296609
15278637
15275021
15290614
15283688
15295177
15286982
15221280
15162565
15283358
15248833
15303080
15240236
15279100
15229052
15297849
15215288
15285303
15213539
15298962
15204695
15278333
15225079
15223429
15204156
15280639
15221111
15282041
15235438
15294810
15238890
15321778
15302206
15229051
15296072
15295065
15287824
15227456
15293868
15294926
15290454
15231636
15224987
15291486
15309528
15169708
15285314
15294164
15291770
15284599
15285314
15312529
15217624
15193798
15291667
15225915
15288694
15212917
15223820
15220636
15239269
15276324
15291580
15212737
15298745
15240402
15291284
15211974
15288106
15224408
15289644
15286918
15296372
15221290
15241751
15283941
15294229
15307429
15218528
15286102
15279902
15291028
15153256
15202204
15215537
15279920
15283153
15291660
15328349
15217778
15290071
15208749
15288852
15286476
15291193
15482974
15289005
15226606
15214272
15301289
15214067
15213669
15288421
15218233
15282486
15206501
15235185
15291208
15305542
15222778
15314507
15301199
15182064
15237862
15223300
15214649
15197027
15217432
15288044
15271462
15285007
15235596
15283633
15298657
15301702
15234467
15285733
15299340
15217093
15292686
15293063
15277802
15291319
15302730
15206201
15224146
15278108
15252794
15285008
15285425
15222472
15289421
15217155
15293667
15296310
15287937
15296343
15291919
15224461
15231387
15343616
15287741
15282649
15240401
15298335
15284815
15280521
15273676
15293320
15253568
15336550
15200713
15300105
15883158
15176249
15227200
15280498
15286779
15246777
15224198
15228186
15288799
15219208
15277722
15284533
15308205
15213218
15221418
15228549
15300636
15201897
15300371
15216445
15209770
15276213
15282563
15185448
15286242
15287107
15293532
15220476
15290985
15290589
15285948
15279620
15280001
15212888
15215702
15291054
15308141
15215736
15177370
15217062
15218447
15207613
15310408
15220083
15278323
15299117
15229508
15279000
15286578
15284404
15288495
15280376
15222197
15294355
15301261
15286081
15222517
15198757
15290764
15293922
15235371
15213967
15296776
15293270
15212514
15300063
15265042
15274553
15278898
15249019
15244840
15245005
15274517
15200436
15245017
15185313
15181582
15212907
15258410
15764648
15229159
15211742
15242567
15203153
15249839
15252665
15213886
15256754
15186720
15262402
15163968
15207791
15266916
15242881
15227271
15252930
15262752
15262783
15218447
15262068
15223206
15259876
15221524
15265149
15232459
15280320
15227845
15215475
15297795
15293523
15211594
15309829
15236246
15300701
15301912
15296321
15298121
15303909
15223348
15225315
15222007
15221678
15327390
15303744
15222465
15308005
15266707
15266295
15286333
15318440
15214901
15213322
15228404
15305427
15218417
15208843
15291296
15256927
15305634
15288501
15222450
15239745
15223052
15290582
15234198
15223101
15238335
15291680
15229235
15275195
15256539
15229349
15220858
15268856
15256978
15257828
15258780
15256406
15225986
15240233
15259520
15252810
15239464
15213230
15220739
15275665
15270664
15249380
15263512
15271762
15220479
15221426
15265159
15223362
15253867
15267867
15266096
15266445
15218802
15197068
15228456
15279105
15258712
15258212
15234393
15230903
15256363
15240153
15309700
15300084
15305801
15279184
15212435
15278739
15239163
15281439
15218521
15224173
15293153
15229747
15276082
15287487
15276506
15211858
15262121
15214305
15287424
15206978
15297963
15282970
15230026
15284969
15292046
15280578
15290022
15291107
15146921
15302030
15222344
15292924
15291648
15221266
15293235
15232368
15293318
15282844
15287493
15257605
15218715
15242867
15257186
15194548
15261040
15254684
15259787
15221644
15254005
15270221
15253519
15247560
15247560
15206167
15261636
15270550
15258435
15278701
15189035
15258139
15260195
15257225
15260608
15258060
15211588
15251218
15276194
15258318
15264869
15271700
15239527
15255349
15174524
15302151
15328765
15325065
15342212
15341624
15270675
15297111
15284502
15303230
15287455
15307781
15303569
15293859
15294678
15155578
15311950
15302730
15290866
15283565
15311624
15301309
15219041
15308533
15284645
15220672
15243666
15250111
15306976
15303917
15298947
15211365
15219231
15223306
15280169
15229898
15208148
15219625
15303521
15300444
15260975
15264120
15242834
15255695
15227560
15266244
15249405
15253120
15214923
15275851
15224703
15210959
15224695
15265136
15275353
15230227
15251861
15248427
15268538
15219574
15216274
15250606
15217291
15258205
15252894
15226657
15217379
15205042
15258355
15252473
15255514
15226287
15257296
15255376
15260729
15257483
15209691
15229383
15216570
15286835
15292714
15291525
15300713
15218038
15209047
15219847
15216357
15285880
15303632
15193455
15314277
15288139
15217367
15220966
15223186
15288991
15293623
15274666
15216821
15289607
15217012
15283397
15270445
15290103
15235029
15222792
15290239
15324109
15312408
15209153
15288045
15213878
15223258
15220182
15214130
15288223
15290469
15297528
15285866
15163599
15262491
15261242
15221395
15244919
15261028
15219166
15187086
15244674
15257200
15258807
15277991
15214159
15241837
15262956
15215864
15262714
15253051
15230917
15262240
15224416
15262928
15214392
15256202
15260764
15189431
15261824
15240000
15219421
15235535
15253636
15254311
15234545
15258639
15259137
15254559
15252934
15160663
15251459
15222541
15296764
15328818
15291408
15300666
15293882
15234752
15297019
15293485
15267078
15217350
15267606
15269069
15304075
15339071
15334644
15338751
15325815
15329208
15310857
15293894
15263805
15330350
15286518
15282914
15313993
15150030
15299536
15220533
15218618
15302608
15289579
15218493
15296202
15211386
15211540
15282895
15288650
15291590
15289029
15283086
15171900
15277302
15246947
15296707
15221566
15238494
15292899
15292756
15272663
15221848
15225675
15211385
15275361
15301862
15296539
15179357
15291113
15297105
15234783
15286695
15292401
15232726
15153123
15265346
15243560
15224124
15297475
15214331
15299967
15303823
15233633
15283579
15214666
15218108
15296053
15241990
15310460
15236901
15314085
15226042
15223126
15274802
15226045
15213120
15319507
15278831
15232735
15213365
15218743
15298855
15301478
15217802
15226288
15181348
15215779
15281593
15221572
15295802
15304605
15290538
15292129
15290277
15192421
15233284
15295578
15154267
15290448
15326887
15316960
15223692
15295824
15241111
15306679
15305744
15251803
15249861
15225908
15221600
15309026
15309875
15298925
15295264
15230872
15292395
15295001
15226947
15239957
15222878
15231610
15246248
15250757
15217383
15291632
15225553
15298406
15248571
15298704
15221457
15225699
15216039
15214691
15240585
15293467
15282072
15163268
15229689
15229539
15214726
15308657
15285419
15311832
15239644
15324972
15324252
15305099
15294568
15279182
15308915
15291032
15325189
15286372
15220952
15219624
15343297
15300171
15310783
15170221
15240225
15303639
15301590
15289139
15323261
15288909
15291638
15219416
15310995
15241881
15306007
15296477
15179937
15222284
15170697
15294689
15291870
15218487
15297972
15291571
15292025
15229714
15282800
15234315
15297935
15229416
15241940
15289944
15224290
15296506
15298617
15288488
15299402
15213247
15224846
15290945
15229083
15225032
15219439
15209909
15241943
15211583
15295105
15293982
15301383
15235679
15306711
15288444
15290726
15225792
15301407
15239603
15294332
15226003
15241494
15318353
15295560
15296342
15220853
15219373
15284995
15233057
15228906
15262711
15221652
15306311
15231505
15305110
15224041
15221283
15298191
15293456
15214257
15221482
15239529
15276569
15285458
15307286
15308136
15311383
15274665
15219517
15222984
15293053
15304037
15283336
15219062
15303134
15243128
15304509
15218530
15298360
15257187
15225282
15295622
15234775
15231248
15227653
15220554
15219335
15295860
15293456
15308658
15166522
15226008
15268117
15299723
15303032
15311117
15298854
15306339
15288863
15287818
15251034
15278569
15281529
15221883
15309929
15229754
15294132
15228092
15231366
15304603
15293667
15232675
15305519
15280211
15296050
15303481
15333065
15244368
15300885
15355656
15311650
15214238
15301674
15304669
15224704
15295467
15227914
15238871
15231551
15230647
15298489
15216848
15291845
15313434
15231087
15209845
15235109
15203106
15298265
15218550
15302217
15305838
15160420
15281768
15287829
15305610
15230546
15232042
15237384
15210460
15219007
15303954
15291309
15316121
15227277
15303658
15255222
15242443
15218445
15241997
15292939
15222079
15290785
15221689
15324454
15220223
15307162
15308120
15345524
15243845
15395224
15334669
15238534
15340814
15305855
15276869
15296410
15299314
15219757
15295487
15292839
15240803
15263572
15294554
15299810
15302598
15246856
15229174
15213265
15304593
15312137
15222108
15296845
15217871
15300298
15305482
15296278
15307272
15294458
15290471
15288645
15176992
15305849
15305293
15233712
15296190
15287647
15305812
15221668
15299059
15302337
15221690
15309668
15292902
15241031
15291003
16316958
15285548
15291632
15227783
15287075
15301675
15222329
15227134
15300575
15225828
15286377
15296822
15299449
15222453
15239511
15210924
15293051
15221342
15217860
15313325
15301972
15296844
15241494
15296525
15296248
15292182
15222634
15221871
15219810
15299827
15207203
15225490
15220024
15312419
15221904
15212549
15217507
15163248
15286634
15242480
15281403
15241301
15239925
15292602
15296053
15292755
15306793
15259177
15246309
15248166
15250649
15231013
15228251
15273173
15294118
15256278
15229750
15295486
15288445
15331925
15256204
15258986
15265828
15311392
15295518
15155224
15257528
15218183
15209087
15256504
15263901
15259149
15210535
15204116
15226414
15222164
15254525
15256216
15249693
15255953
15197043
15257891
15254045
15274619
15220120
15220521
15210435
15215580
15215334
15309150
15218059
15299094
15301216
15294678
15292195
15170104
15218254
15228988
15321168
15214530
15213712
15287990
15265259
15297185
15293678
15290265
15305765
15293409
15298482
15225064
15299673
15289442
15286381
15288986
15209565
15277924
15301568
15161899
15299184
15287199
15219755
15223619
15301942
15177622
15228073
15244344
15285038
15284806
15230965
15218749
15251683
15213104
15159278
15232755
15223126
15232219
15209396
15254729
15246130
15222288
15242421
15254235
15208450
15261414
15269724
15224517
15260338
15171448
15240658
15215405
15245851
15238918
15249436
15257031
15205481
15221691
15211419
15217877
15222501
15223457
15224487
15264663
15258865
15255800
15272163
15215733
15221562
15222235
15260962
15206103
15261474
15234303
15261351
15259145
15266381
15234444
15223994
15242241
15286241
15285267
15288173
15232774
15201467
15311226
15251097
15289836
15213120
15218965
15229273
15302326
15300200
15288376
15293375
15286431
15239406
15291438
15293948
15294348
15287759
15222111
15226451
15231076
15225447
15310847
15212084
15303614
15161263
15300332
15291764
15221974
15228289
15287612
15285925
15219961
15296740
15224073
15245684
15264071
15954923
15268056
15262364
15215315
15242802
15236620
15247102
15290995
15285634
15253641
15261743
15233018
15269706
15316128
15286912
15269361
15230521
15263242
15171402
15256773
15252588
15226999
15263379
15264633
15215144
15256493
15264094
15226935
15228164
15255457
15233253
15281418
15265131
15255258
15219769
15265520
15248777
15260394
15231894
15294413
15147524
15298074
15289827
15227045
15240429
15216540
15231062
15296308
15302585
15297657
15277299
15286173
15206352
15235415
15293079
15113252
15189879
15319241
15297826
15219517
15223605
15300520
15223450
15280981
15310944
15248767
15300862
15294489
15285406
15300282
15161096
15299822
15307160
15233066
15284036
15305554
15296971
15294759
15220306
15262932
15244712
15227263
15257182
15182359
15266564
15200548
15271039
15253346
15211965
15251445
15257445
15285156
15221687
15250143
15225555
15257876
15255209
15281043
15259139
15216215
15216428
15264462
15247498
15245675
15253459
15269940
15269283
15200161
15286032
15260377
15242174
15223406
15275645
15299610
15259888
15261761
15296794
15296763
15303380
15245065
15289544
15246203
15153209
15302033
15227764
15292629
15301279
15214259
15212159
15293066
15227906
15244181
15287572
15231483
15305687
15286824
15290864
15162058
15295719
15294437
15285504
15231242
15289043
15292685
15294686
15224509
15231277
15299523
15226965
15182699
15285512
15291957
15242768
15220555
15226574
15289228
15293980
15220135
15265489
15181737
15262083
15224545
15256870
15225548
15257313
15230177
15220270
15265986
15250858
15265489
15262495
15243199
15273819
15220870
15212488
15228354
15237533
15212343
15222998
15259434
15222430
15263075
15253356
15259550
15264884
15241755
15283406
15280971
15308802
15293441
15260073
15257937
15305462
15299571
15298215
15272787
15275809
15319366
15285625
15279139
15343682
15346171
15241238
15286000
15298800
15227605
15295126
15230968
15219274
15293489
15214801
15226507
15298576
15307432
15290926
15290396
15224446
15231081
15325442
15294794
15314299
15322200
15261017
15205198
15227738
15300933
15299291
15289377
15313131
15234001
15303074
15284621
15217893
15215354
15300398
15284357
15296941
15288662
15300367
15223868
15305527
15300380
15243291
15239070
15312491
15296846
15301919
15292539
15292256
15296701
15234062
15244951
15307456
15296424
15169576
15240627
15295376
15290670
15286703
15219131
15222576
15236137
15221872
15294744
15306779
15231554
15238623
15296316
15221433
15231676
15295719
15298420
15306361
15242275
15224831
15289990
15280539
15286844
15233801
15286385
15292623
15298273
15224892
15310704
15202803
15221279
15307276
15247474
16437132
15401779
15315389
15178208
15302373
15227452
15285245
15224035
15288051
15290393
15218590
15295233
15304811
15349706
15334114
15307355
15280450
15262518
15291887
15294272
15337957
15320125
15302884
15257387
15314119
15199714
15290516
15300033
15300689
15293718
15303319
15297129
15275625
15307742
15312291
15237133
15226341
15298659
15295476
15309663
15226025
15300895
15310601
15227796
15297456
15289766
15305887
15164284
15294637
15295350
15231040
15295873
15311024
15230518
15229998
15339313
15234652
15299563
15340776
15308594
15225018
15302526
15252126
15251355
15225471
15295006
15277344
15238061
15226645
15293001
15290622
15233635
15316966
15222415
15239722
15294540
15319021
15236451
15298863
15323409
15314445
15306049
15306280
15310577
15266197
15312008
15290752
15306877
15306349
15305931
15238899
15301710
15347296
15298534
15301289
15232707
15311724
15230759
15299880
15164477
15247907
15308399
15257798
15232879
15299072
15219506
15302315
15298628
15310104
15235707
15290806
15298848
15307161
15221075
15259930
15296655
15227504
15294064
15322495
15249839
15294249
15215257
15301823
15230667
15237085
15242038
15299793
15318074
15224346
15294805
15228540
15267004
15298277
15292198
15300458
15298399
15168165
15283475
15225124
15227079
15251953
15299578
15293775
15283071
15321137
15240745
15228131
15295392
15227134
15306377
15291984
15245838
15220452
15298049
15314230
15285196
15231461
15231196
15234774
15216930
15258420
15290671
15302525
15288798
15224671
15294500
15234734
15197017
15307502
15225976
15294742
15302236
15220636
15219579
15298505
15294293
15287328
15237291
15308724
15299502
15302394
15239823
15310596
15301938
15264364
15306448
15229155
15296834
15236383
15297554
15227993
15300054
15232296
15244295
15311162
15298939
15246795
15299839
15320241
15295016
15303295
15235737
15293106
15233294
15264339
15293279
15300344
15229735
15292284
15295166
15195071
15270509
15226769
15295386
15266507
15312954
15291273
15271256
15249642
15213329
15298806
15305892
15298592
15296402
15306743
15303189
15307677
15296043
15226246
15297483
15305208
15295718
15225693
15298313
15296921
15172773
15284084
15309541
15312355
15308887
15144292
15259964
15225670
15217021
15246298
15225865
15297561
15297524
15307810
15292386
15298272
15326336
15237802
15302699
15309968
15257446
15228220
15294466
15295309
15318737
15302495
15222265
15296312
15229724
15236835
15243095
15225131
15299915
15208097
15306000
15188287
15305963
15300244
15224934
15229315
15261336
15294458
15306761
15218712
15309726
15291434
15308909
15296523
15239775
15294632
15144842
15235629
15227226
15234696
15287022
15299781
15293988
15185611
15301629
15224456
15310059
15379430
15296372
15301550
15293980
15230284
15296604
15224211
15323247
15314656
15353686
15345394
15338139
15339760
15346692
15377743
15311634
15344841
15281313
15233387
15246326
15226565
15311688
15303281
15306379
15287015
15240909
15249948
15317674
15239634
15252633
15222015
15308451
15205960
15306766
15296416
15299894
15316437
15299237
15300715
15297711
15335807
15271695
15255195
15263410
15256438
15285274
15217043
15206855
15262806
15235134
15272002
15265856
15227357
15269193
15231771
15253923
15221371
15240034
15226151
15269211
15261191
15254888
15216119
15266456
15266670
15269942
15261159
15249479
15268741
15259254
15274428
15271943
15262058
15289220
15272679
15268752
15222759
15198102
15287799
15281458
15234018
15213799
15281943
15283020
15315705
15304233
15341136
15337496
15232881
15290197
15295637
15298091
15343437
15300168
15343178
15270216
15327739
15295916
15310889
15241890
15296795
15218794
15251201
15302004
15300827
15228643
15304282
15225646
15294506
15248401
15300802
15248360
15236676
15311574
15296843
15298227
15299054
15317288
15303971
15219899
15227916
15266286
15249990
15262969
15251248
15216554
15263806
15163735
15246089
15241924
15278283
15304651
15262603
15265937
15217411
15224685
15211720
15224547
15270688
15241189
15257742
15251035
15198128
15238807
15231991
15287877
15230539
15234292
15263320
15181061
15259706
15266750
15123935
15275149
15182695
15228068
15216429
15201524
15268920
15284909
15220221
15276494
15303606
15226292
15309852
15211454
15292275
15221132
15304471
15237649
15301333
15306141
15253154
15223846
15223389
15219992
15215879
15226876
15299994
15181978
15240233
15226029
15224400
15318996
15243563
15224930
15294157
15307418
15310218
15317517
15252527
15311972
15328366
15309894
15192801
15309842
15306159
15302882
15294063
15301002
15235413
15297420
15239039
15230862
15313960
15260333
15226639
15269489
15264497
15210273
15258323
15257334
15265336
15232552
15257328
15267542
15269015
15277464
15276814
15240960
15272833
15271076
15272012
15272319
15279903
15238402
15228552
15224272
15250494
15275952
15273152
15225703
15229686
15265496
15278573
15283195
15234820
15258685
15284553
15254776
15276015
15271669
15272945
15297754
15225978
15239485
15246535
15261566
15231137
15294170
15350020
15299202
15235841
15252630
15308994
15249459
15305318
15246346
15306612
15300167
15297360
15169664
15297766
15328053
15234090
15312393
15312342
15292451
15349806
15298745
15226215
15301046
15310959
15224406
15232736
15316152
15266710
15238934
15261963
15311319
15233045
15311697
15242093
15197813
15316225
15281660
15276958
15273598
15266093
15279970
15287797
15260600
15300175
15275017
15258137
15263765
15238391
15281028
15234580
15263762
15252604
15303950
15310932
15286362
15256466
15245346
15227332
15283796
15284688
15278775
15253727
15275589
15287302
15234139
15233060
15277103
15271982
15261262
15223129
15246126
15270021
15321629
15290365
15249884
15240267
15303316
15310310
15302646
15296155
15248109
15309573
15301336
15307469
15314438
15317424
15173694
15309717
15313252
15304939
15317918
15229141
15322270
15316661
15298539
15240679
15308611
15304657
15301245
15313930
15243256
15174947
15238218
15298779
15263589
15295049
15299699
15299685
15186876
15262260
15243097
15228871
15277083
15268335
15243997
15270492
15262631
15278226
15290400
15271818
15278103
15247660
15188758
15170534
15230045
15223895
15273376
15254800
15276042
15290203
15231592
15258718
15307557
15305212
15266837
15275831
15315998
15268880
15297724
15226639
15246606
15253752
15270969
15228267
15245317
15279872
15265420
15277798
15228367
15244040
15302046
15307319
15266308
15231740
15246872
15300519
15241012
15310859
15316469
15302569
15234183
15291391
15312467
15258622
15331032
15296210
15227421
15245464
15309211
15240961
15305441
15308631
15330073
15312236
15227722
15293340
15314968
15300178
15302381
15240973
15308165
15246848
15255980
15286047
15239429
15303396
15232878
15235849
15302288
15229976
15225971
15225929
15297842
15312033
15304273
15311001
15303541
15231549
15299847
15308673
15242630
15292857
15321515
15298770
15288081
15311816
15320508
15228117
15306964
15307172
15294199
15206150
15298975
15299093
15301182
15304881
15216195
15309962
15222573
15308473
15226332
15297578
15233331
15253152
15301438
15290701
15217039
15238287
15315246
15310956
15306441
15228391
15219218
15229235
15252824
15225120
15185619
15220255
15309022
15326786
15225967
15300689
15288118
15226535
15305029
15301051
15215972
15303665
15225898
15254344
15319061
15301059
15298565
15225603
15313823
15320352
15317726
15244494
15239044
15247822
15221100
15326900
15294554
16182793
15241895
15223632
15303847
15227796
15301248
15298948
15305707
15244521
15319644
15304883
15233790
15290459
15292783
15294823
15297654
15339766
15236128
15242306
15308359
15251099
15311992
15250051
15246577
15222078
15312174
15299575
15236164
15373922
15307001
15315095
15322822
15294222
15299564
15301317
15314068
15323876
15327652
15252736
15233758
15235840
15306137
15308926
15300160
15229438
15311347
15306633
15305693
15157989
15300076
15256781
15310408
15323801
15255892
15232964
15304280
15208931
15239934
15320775
15269438
15200506
15263155
15241265
15231076
15321976
15242450
15307885
15306152
15323740
15303154
15231504
15232993
15248343
15312232
15293315
15271708
15484289
15304008
15308257
15299220
15303037
15243721
15306638
15291859
15239040
15291933
15367467
15344075
15247792
15232579
15181485
15305849
15243305
15305187
15228247
15308422
15238711
15316798
15311754
15235404
15229749
15302306
15239186
15298921
15277613
15252863
15315883
15233256
15309163
15318678
15300738
15303680
15227462
15243035
15191483
15296033
15321241
15308065
15294553
15316983
15300759
15241842
15291448
15297789
15302772
15224653
15224365
15233245
15229612
15218848
15244055
15256011
15231237
15238522
15311420
15313540
15298688
15242136
15313050
15315079
15310650
15235373
15239342
15315315
15233329
15227932
15239135
15304799
15244205
15316703
15211749
15309635
15304286
15300158
15308339
15296490
15305229
15167985
15295473
15238009
15303521
15248461
15250771
15307820
15228267
15319165
15308789
15317866
15247065
15306878
15239376
15231449
15252169
15313766
15294989
15303199
15222244
15195585
15327729
15252995
15240647
15301341
15299335
15312233
15235088
15307073
15246787
15294880
15230719
15306127
15304041
15315660
15908187
15303288
15247176
15243645
15304434
15233730
15290221
15287685
15225888
15293607
15301584
15308074
15307224
15234795
15233889
15230009
15244826
15271595
15221392
15299203
15301147
15311112
15234564
15221021
15238911
15302935
15290966
15355006
15282633
15312069
15344663
15288837
15237076
15282675
15337899
15352686
15329738
15234350
15233551
15292130
15244297
15296187
15315617
15255876
15308890
15295860
15250832
15298759
15248574
15303326
15236537
15304781
15304458
15378741
15302328
15236198
15243747
15336564
15233937
15319689
15238778
15312999
15307559
15313631
15311159
15308866
15243450
15304077
15256540
15300552
15235925
15223274
15200889
15299551
15302559
15319867
15230786
15309110
15229831
15311091
15243010
15238262
15243014
15267109
15303071
15313099
15311077
15310333
15235792
15292673
15322981
15340081
15237183
15307928
15307691
15314428
15300724
15246878
15307449
15320625
15327562
15270798
15299055
15248954
15306435
15169556
15296039
15307445
15313005
15260026
15309864
15310828
15241068
15340648
15250851
15317947
15269838
15319439
15236576
15300752
15163101
15235009
15318410
15324559
15321686
15317845
15239206
15263774
15253477
15223551
15267094
15270980
15227759
15212186
15282648
15210538
15268895
15274265
15233111
15243408
15280969
15248474
15287129
15219957
15267522
15238783
15279208
15274955
15246097
15274898
15201027
15261379
15224365
15264329
15253708
15264804
15255013
15238993
15272455
15235987
15278069
15233378
15270654
15261228
15284470
15239931
15313472
15326375
15226847
15231691
15291077
15300613
15247140
15247807
15229968
15308276
15233953
15228721
15238427
15220872
15218746
15297196
15302969
15228708
15225210
15302549
15307420
15175740
15226837
15316420
15298799
15251063
15224964
15296639
15340453
15298085
15213912
15237542
15234549
15307813
15305424
15314358
15319085
15298806
15305256
15295080
15223156
15302782
15235804
15224684
15283816
15286262
15273846
15227063
15226858
15230799
15272828
15273101
15261699
15270599
15232097
15274659
15269952
15273842
15218320
15285593
15264180
15227993
15225680
15269089
15255914
15275109
15227217
15274675
15303673
15269317
15239998
15249942
15234070
15235224
15264519
15241753
15221081
15275427
15275316
15284131
15246063
15312770
15254482
15302143
15302684
15292084
15236783
15303659
15223866
15317370
15221469
15300529
15237888
15227921
15211877
15257730
15224894
15232147
15229071
15309180
15323729
15318282
15238350
15225023
15295699
15301613
15304130
15235937
15201627
15303362
15167511
15240329
15229681
15309050
15301887
15305986
15299608
15230387
15291192
15242335
15232721
15247909
15238856
15243107
15298277
15208037
15236557
15269938
15221869
15250847
15226724
15267545
15243593
15289147
15452228
15207998
15286780
15237438
15232609
15268429
15233759
15225803
15219464
15262372
15251358
15187388
15234832
15212949
15264171
15218717
15275745
15234478
15268594
15229068
15262508
15233121
15275320
15232854
15276532
15288338
15284306
15226404
15218855
15225414
15227462
15278263
15269143
15228982
15269673
15313561
15321022
15307507
15243178
15303710
15232203
15291237
15288701
15165724
15289488
15234255
15236543
15210908
15219118
15300266
15291971
15240056
15296293
15298006
15248383
15296374
15236215
15304126
15247204
15225356
15313168
15243010
15304586
15238421
15217937
15236766
15315430
15232056
15304029
15314454
15307274
15300172
15311072
15285832
15226985
15289297
15241590
15226506
15228437
15219490
15233597
15245739
15268401
15226984
15266734
15267232
15267721
15278888
15258609
15228021
15240466
15229923
15268669
15237666
15270775
15191360
15238691
15245774
15241546
15258026
15266150
15225475
15223280
15231658
15232818
15264242
15286257
15284074
15290025
15274586
15228624
15232603
15226266
15267479
15236951
15242906
15270579
15158187
15276116
15280307
15203019
15288917
15297921
15236392
15304755
15289284
15315633
15310389
15306279
15309607
15232984
15307102
15231207
15298115
15290788
15297578
15229520
15232721
15225717
15317502
15284918
15306288
15301923
15321202
15231210
15304835
15246218
15199433
15233209
15307071
15242665
15316037
15302709
15300624
15309326
15243537
15301289
15307205
15346045
15263018
15244795
15279244
15264078
15241392
15271312
15240675
15221398
15282247
15264403
15206011
15261879
15282031
15272888
15269286
15274779
15264778
15267063
15237449
15266678
15267310
15229861
15265077
15295165
15279834
15211523
15227448
15274196
15261806
15280141
15269922
15287889
15274799
15266975
15281738
15289281
15231721
15268184
15312288
15236958
15257962
15236745
15236078
15335145
15249174
15298691
15301602
15249548
15264409
15237596
15309339
15303806
15311897
15229770
15232430
15269504
15313895
15307893
15307636
15286586
15239355
15237657
15248828
15261522
15305843
15302243
15299395
15247918
15312971
15320485
15285310
15301825
15309282
15231087
15234245
15274529
15285875
15182592
15253127
15235714
15304535
15248719
15234327
15229299
15249923
15300044
15217324
15235404
15310667
15318348
15306206
15231350
15240185
15217050
15237747
15304106
15234879
15226358
15231432
15230982
15308632
15223266
15284557
15240035
15293482
15304234
15279400
15246063
15311882
15305896
15226924
15230891
15292100
15904037
15250832
15305021
15293582
15227578
15229054
15307290
15295906
15220368
15307451
15228013
15311763
15238302
15320554
15302350
15305789
15179766
15301247
15307812
15226622
15304086
15301282
15305803
15298791
15291037
15298796
15283484
15181818
15295322
15305487
15152800
15247438
15286087
15291713
15293990
15285316
15298193
15304274
15215449
15281102
15302416
15295570
15326897
15286543
15251668
15284304
15239701
15313239
15302836
15307487
15303701
15296815
15297338
15302850
15304238
15297131
15295900
15234087
15298195
15299987
15303060
15226066
15238336
15238904
15268825
15292799
15233257
15294849
15158509
15305091
15301636
15308105
15305429
15295679
15232229
15262154
15300995
15304067
15306436
15297200
15233269
15307412
15301857
15177421
15221797
15242601
15238140
15306962
15231732
15226635
15231835
15212136
15228777
15307433
15318866
15239869
15186477
15319875
15166304
15244103
15292754
15234510
15315557
15217989
15292634
15287489
15298751
15298261
15314345
15321818
15301048
15308708
16785924
15775075
15312164
15233178
15296704
15244632
15225982
15237762
15109315
15224222
15298094
15312127
15232727
15240255
15297031
15299588
15221473
15223236
15318364
15258329
15213845
15235226
15313124
15232126
15295477
15296632
15227406
15261479
15297771
15310827
15297686
15218174
15228973
15226544
15222719
15235843
15447379
15241218
15239848
15370183
15234273
15295899
15221809
15226944
15306176
15247290
15300337
15307878
15254194
15228160
15303627
15316413
15307934
15232615
15226640
15229118
15226937
15285765
15235656
15231350
15160764
15236461
15234094
15295606
15314097
15313321
15231982
15227625
15306853
15227608
15305185
15234791
15307711
15328806
15307978
15241343
15299537
15298178
15301815
15300589
15230814
15234038
16326994
15660746
15783554
15863757
15416086
15490984
15631389
15253789
15280050
15237739
15234762
15322751
15243751
15328359
15300984
15200781
15296410
15246586
15311476
15263663
15304540
15305554
15305581
15325349
15306585
15246010
15238057
15313778
15328390
15307239
15159337
15300266
15281139
15245349
15678030
15330483
15303519
15239749
15249876
15227984
15232786
15234888
15313981
15311050
15243220
15259129
15236966
15306263
15320350
15235724
15310932
15293766
15303386
15326546
15224082
15243619
15289687
15311971
15232961
15245062
15242925
15297242
15306005
15306488
15322280
15303955
15233535
15196479
15326697
15306240
15242434
15225313
15236134
15249636
15309952
15308061
15315521
15304609
15302515
15302625
15310413
15315902
15247673
15240671
15307525
15312535
15318179
15293288
15317335
15239151
15220896
15304586
15320302
15321021
15243301
15327948
15242534
15264085
15239071
15307492
15240968
15505320
15271009
15320638
15303254
15310358
15242120
15307934
15301185
15308016
15298038
15256409
15272033
15320026
15305062
15311130
15307218
15312611
15251736
15194432
15311442
15244222
15317189
15306126
15321826
15303686
15297737
15297296
15248431
15312900
15242786
15305053
15240115
15310688
15247705
15301211
15311056
15242136
15225224
15311020
15311152
15306390
15317709
15308122
15318138
15300082
15302752
15314994
15322566
15245086
15343104
15312234
15327310
15299102
15338976
15320286
15242951
15313850
15297108
15322484
15301519
15316869
15244052
15243602
15314774
15312283
15292980
15270191
15235879
15280043
15283976
15223161
15280082
15287030
15262797
15271797
15242158
15288481
15246232
15251085
15245296
15240532
15273460
15235091
15246884
15268566
15200405
15283081
15288977
15285311
15280544
15294885
15269869
15282165
15240368
15289381
15279057
15273849
15240261
15232385
15305163
15294205
15314190
15288257
15234844
15269443
15339039
15230646
15213628
15496109
15339513
15310249
15229223
15250953
15228054
15309751
15309993
15333717
15305990
15263232
15256439
15250857
15304525
15235661
15330633
15303175
15313908
15222856
15339345
15317274
15171136
15324015
15305059
15232358
15315327
15303970
15305857
15244285
15311483
15239350
15246909
15243392
15230247
15267000
15323430
15276320
15302853
15327066
15288160
15288041
15298933
15246298
15290050
15278254
15238579
15235333
15278633
15267187
15283730
15300130
15167526
15298591
15277854
15267449
15257112
15268464
15233876
15176632
15275867
15235852
15243957
15292955
15287805
15251957
15266933
15263534
15265488
15291621
15271472
15287498
15292839
15274366
15242498
15271940
15274378
15282515
15236585
15310380
15336930
15307006
15301613
15241363
15234773
15307357
15320692
15303038
15314292
15158712
15273169
15256153
15307146
15335179
15304806
15305371
15229608
15255765
15306323
15307488
15317286
15315734
15238284
15300630
15188164
15306448
15323000
15322785
15299843
15329877
15317764
15256428
15242811
15241397
15238856
15320970
15320501
15278674
15278805
15276020
15270599
15282209
15262805
15274853
15275531
15276325
15235064
15287946
15251017
15252156
15278309
15287186
15279779
15254646
15261098
15279250
15281253
15298993
15243881
15276064
15247800
15213071
15249574
15264434
15276756
15274751
15224152
15266486
15252635
15233446
15273590
15275924
15238139
15245600
15275239
15292864
15319782
15286286
15312977
15326685
15218795
15221144
15320538
15236120
15237774
15305570
15329940
15314977
15231105
15240259
15244273
15319757
15231110
15306176
15344994
15303132
15307980
15299336
15276704
15233286
15312173
15237880
15308543
15234201
15249763
15326910
15239162
15321431
15327820
15227133
15316832
15313839
15255454
15177234
15312755
15231577
15231813
15272895
15266121
15280952
15287848
15227892
15244037
15280876
15273804
15241327
15278600
15283165
15218972
15276545
15265049
15246419
15227469
15275952
15244336
15242029
15274068
15274322
15272870
15287592
15274030
15226626
15247017
15253930
15241908
15293030
15245461
15260469
15283637
15273681
15211382
15276739
15284061
15235255
15234185
15278088
15249019
15298096
15318461
15235651
15251260
15235041
15237991
15246276
15317906
15252884
15237722
15313813
15326305
15315627
15233006
15223831
15231908
15223046
15239401
15299766
15360001
15324339
15333517
15237299
15239967
15242365
15271326
15312261
15321559
15292650
15312351
15297989
15330710
15326591
15368025
15247169
15311477
15330355
15314614
15320148
15245280
15240432
15331022
15249295
15213412
15291166
15250590
15246249
15239788
15239066
15228318
15276283
15283894
15174939
15239824
15291555
15267328
15274898
15281355
15296436
15288119
15267685
15248157
15288287
15240039
15283013
15305097
15246852
15217036
15241435
15235428
15240680
15284741
15252776
15281244
15248595
15263496
15262845
15278824
15199318
15195362
15295253
15246729
15179165
15291964
15248549
15246375
15309560
15264704
15242566
15315574
15314810
15304175
15231567
15331133
15256493
15248672
15315839
15326131
15315664
15310110
15309218
15294595
15243867
15232499
15168589
15317223
15319661
15237863
15307151
15202342
15318736
15323396
15313081
15305427
15258201
15253935
15318088
15306917
15233631
15253399
15244863
15240063
15320898
15321887
15307687
15240989
15277908
15302026
15314102
15326793
15239439
15228065
15267399
15245286
15245402
15300926
15303766
15300806
15221939
15234302
15304827
15322262
15317166
15314965
15312757
15253750
15310518
15240466
15254029
15309915
15341886
15272113
15309586
15245988
15283175
15361148
15263529
15291064
15288046
15354201
15315449
15230734
15325828
15311858
15241731
15219574
15240820
15246998
15341995
15306548
15260366
15359434
15528847
15729191
15310974
15307292
15315187
15317235
15325961
15310992
15320233
15259992
15305774
15304256
15323366
15246336
15319396
15245814
15296606
15220434
15312181
15313881
15236956
15287456
15310486
15327413
15297090
15239648
15309469
15310618
15307794
15311423
15309477
15309051
15227408
15308904
15297470
15239490
15300965
15308467
15310433
15302466
15304748
15304612
15251735
15281873
15310541
15243620
15237318
15235661
15293245
15245695
15247523
15305618
15312009
15235567
15220067
15303061
15243340
15255929
15321607
15298299
15316669
15323574
15301080
15308853
15308233
15364933
15334420
15331618
15332863
15233754
15311828
15250825
15173841
15240325
15313473
15303729
15288680
15306231
15324111
15273963
15327140
15314177
15314583
15319193
15304447
15311897
15272216
15322171
15301517
15324995
15303873
15321791
15312545
15232488
15172007
15246991
15307072
15247738
15306171
15244462
15313634
15308867
15302999
15261413
15219265
15245358
15305087
15324353
15157827
15258024
15305703
15322976
15314273
15308286
15234336
15238758
15240198
15321530
15321965
15237525
15317665
15266919
15254468
15289682
15344823
15221212
15249395
15307484
15317226
15247607
15307821
15239671
15306387
15255783
15307363
15318298
15305834
15300410
15247057
15234033
15245251
15325744
15241475
15254522
15236262
15303044
15252052
15314977
15286273
15226293
15244761
15295059
15308581
15243128
15230096
15314484
15309248
15243024
15313356
15302580
15236367
15259502
15257360
15323119
15318278
15239709
15329054
15233068
15307702
15357359
15631002
15315850
15260749
15324918
15313633
15245523
15253522
15258218
15322864
15357495
15310621
15270716
15247507
15177509
15291166
15248915
15326056
15306681
15329386
15317511
15328092
15324099
15322115
15336303
15320934
15328576
15240948
15318367
15248551
15266442
15345910
15315015
15315209
15315051
15246793
15314535
15297342
15292270
15233045
15231292
15334529
15317800
15328913
15258770
15324015
15321676
15250691
15307268
15324082
15319794
15304481
15322451
15317546
15294342
15295989
15314060
15318508
15308271
15319981
15325047
15323789
15309409
15320021
15300781
15311496
15291788
15321209
15229392
15242162
15245141
15314412
15242214
15230613
15329729
15315376
15315764
15255319
15314047
15316005
15256240
15238106
15307174
15313042
15308694
15332254
15313807
15321407
15340789
15336004
15310441
15311144
15247981
15242902
15319817
15261449
15322405
15305525
15312511
15256182
15303889
15326091
15295204
15242250
15253007
15247455
15318182
15319667
15238575
15231538
15353053
15256848
15364576
15289533
15351318
15256110
15312203
15318984
15243231
15319270
15312211
15252620
15329661
15231113
15245127
15182856
15327811
15237422
15243967
15342879
15247591
15327471
15338226
15320464
15314148
15257542
15254870
15314204
15324140
15312511
15192636
15263927
15320898
15243293
15302671
15244564
15317073
15230325
15317909
15237369
15308905
15344492
15241202
15311347
15246171
15317056
15315150
15315029
15313855
15241878
15242536
15353049
15270785
15323514
15315263
15319240
15324502
15242274
15234189
15241247
15232244
15245765
15278973
15250440
15285253
15280483
15237444
15221316
15315030
15288744
15326162
15204308
15331007
15296517
15296380
15283375
15320931
15298689
15248937
15320057
15334113
15333895
15302231
15289714
15323621
15303746
15291626
15280201
15176985
15286604
15274166
15275328
15253002
15299912
15242416
15177120
15286843
15296680
15284665
15283786
15325380
15310169
15238177
15239691
15311132
15313854
15319531
15252063
15315519
15318832
15180985
15311177
15307874
15241459
15306382
15313228
15298849
15316196
15307200
15313769
15250904
15325798
15331742
15254882
15327084
15268671
15234656
15306145
15240895
15345102
15312537
15313145
15313848
15305493
15300424
15239947
15257674
15239551
15289400
15327522
15244604
15306164
15288893
15241510
15282320
15299561
15286438
15229736
15279225
15273101
15283867
15269529
15294891
15281295
15235004
15276706
15278973
15274830
15246853
15300628
15235489
15286911
15194464
15281900
15281274
15272419
15246337
15281192
15239446
15237529
15265469
15295963
15282325
15280759
15278423
15316584
15298068
15250468
15224236
15312204
15305225
15250226
15242120
15314110
15311004
15319878
15312906
15309522
15319755
15307687
15239677
15308534
15187407
15307299
15308687
15311763
15243960
15240299
15239168
15265470
15311315
15310047
15311076
15304958
15311099
15238907
15237754
15246609
15306249
15312718
15239965
15247650
15318876
15234922
15195567
15294348
15259200
15268637
15292125
15283873
15271960
15267686
15263538
15251725
15249935
15281043
15279334
15270453
15256467
15245729
15285754
15242883
15244644
15232960
15271108
15335941
15280444
15304326
15324688
15291890
15265073
15340509
15285078
15251221
15300541
15233435
15247759
15317724
15254832
15256824
15259293
15265557
15274162
15250595
15292454
15291151
15241015
15251509
15260383
15240799
15308510
15314461
15312519
15249798
15315018
15327425
15222760
15296201
15259139
15322749
15304138
15317858
15244166
15292451
15327037
15317962
15285070
15310888
15353704
15286867
15305885
15335737
15292466
15324200
15316459
15246573
15321098
15181024
15262342
15329184
15389060
15331227
15234697
15236975
15238945
15303337
15245503
15250940
15240782
15279707
15268626
15283914
15219845
15242720
15299014
15247609
15285873
15228885
15283663
15243675
15283965
15265805
15284252
15292982
15252353
15284022
15281133
15248371
15241164
15277156
15275726
15233938
15281295
15285079
15234849
15288844
15224722
15194553
15242544
15283081
15313276
15248267
15236969
15269836
15284912
15257964
15283524
15277985
15302346
15253079
15319632
15311884
15327204
15246647
15233863
15332462
15262185
15243080
15243390
15248967
15169536
15314124
15250117
15329986
15310875
15322429
15309122
15317841
15301007
15240409
15240559
15254687
15252928
15269468
15198643
15315884
15245267
15238468
15320580
15306291
15310824
15243232
15235193
15250132
15314387
15314083
15263546
15314475
15242398
15256530
15325890
15281735
15243267
15248133
15225521
15246809
15277880
15246341
15289752
15250344
15283741
15216334
15248608
15238531
15285833
15276613
15278928
15283469
15278965
15306223
15248060
15242546
15275752
15248727
15241155
15254891
15262559
15255847
15271195
15277943
15259202
15293747
15292592
15224306
15278513
15276513
15258791
15304621
15271342
15237741
15253866
15284794
15299388
15314259
15274012
15270665
15317172
15239373
15331126
15317126
15250588
15245600
15316955
15320578
15260454
15276276
15254198
15313219
15234541
15326721
15319534
15328064
15322821
15300169
15318126
15316997
15350320
15257571
15316410
15318769
15176792
15256466
15246838
15313861
15301954
15310317
15268456
15318419
15333315
15322959
15243127
15257646
15320929
15324859
15254043
15262022
15247725
15259449
15246750
15325512
15253177
15316066
15200125
15254273
15241356
15242312
15313101
15317856
15267160
15310873
15320731
15315655
15207582
15255429
15278232
15320830
15229723
15217568
15321279
15255560
15170839
15322823
15328285
15328844
15237470
15248267
15270073
15247274
15250064
15314775
15244411
15280880
15259282
15301472
15322788
15300809
15315261
15242122
15311424
15322607
15247952
15261033
15301454
15316243
15308632
15322685
15318566
15320503
15253805
15315771
15243424
15305489
15254085
15246907
15245186
15323337
15309690
15312329
15304271
15325613
15332046
15319742
15311993
15322143
15237081
15323648
15283134
15256171
15247697
15178946
15237800
15307082
15311107
15247931
15211136
15309229
15236292
15233395
15326631
15259243
15322900
15324786
15315056
15242191
15265887
15245922
15318326
15320587
15309786
15245647
15318486
15247659
15242475
15333961
15313274
15323825
15254198
15328026
15314205
15246124
15236847
15316035
15321548
15215894
15312018
15330744
15264075
15346679
15250675
15311986
15315797
15316796
15325981
15327115
15307129
15251347
15249861
15238576
15260141
15255481
15243118
15183504
15250365
15253982
15335129
15323095
15249428
15317065
15333555
15322106
15306503
15316049
15244937
15247897
15307385
15316764
15249602
15316286
15316850
15259856
15343480
15315164
15312667
15244898
15319727
15322548
15228615
15251195
15239789
15236880
15320855
15300096
15316510
15253427
15299514
15299012
15259614
15242173
15241186
15348366
15329807
15325894
15238477
15242480
15305877
15308022
15316951
15314014
15304632
15323027
15310875
15331561
15309402
15181487
15312294
15309123
15310105
15312797
15302003
15243065
15315521
15317301
15308833
15228047
15318633
15310662
15320405
15236277
15253315
15227232
15336498
15331648
15322958
15236942
15317765
15247156
15331736
15248090
15306395
15341615
15310070
15241766
15307328
15329342
15326934
15259995
15318870
15233277
15252224
15315545
15272323
15317087
15285103
15314471
15322676
15284739
15245640
15318366
15308364
15260351
15228788
15317195
15235599
15255532
15249265
15280544
15331513
15318557
15245854
15250282
15234269
15321210
15319507
15315281
15317077
15313569
15268709
15327305
15313584
15236675
15243487
15319853
15375973
15306235
15236513
15283773
15286475
15227022
15249092
15247980