9648535
8646796
8080959
8039806
8061762
8100898
8097708
8043937
8066494
8122089
8120348
7974286
8102323
8090913
8073778
8076068
8118296
8054491
7991433
8048422
7987182
8102987
8023302
8039912
8008909
8041466
8047942
8104478
8009754
7990276
8071729
8023290
8033149
7994144
8036638
8055021
8043416
8043547
8064467
8069590
8044113
8062476
8054884
8056621
8044189
8043671
8066280
8094182
8076886
8068267
8057034
8156367
8013324
8024440
8038293
7906088
8028821
8031644
7950623
7975729
7991625
8015568
7986707
8026073
8043065
8035831
8032056
8031191
7991916
8005448
7969353
8020396
8003695
8011346
8022032
7954135
7967782
8044683
8024980
8073355
8047570
8075529
8007515
8038609
8040580
8059725
8077106
8041980
8025358
8037681
8019480
8027494
8020126
8047757
8053648
8022170
7991559
8032964
8017616
7935832
8032896
8010138
8041059
8023177
8049800
8014426
8002304
8013635
8039826
8034246
8040400
8035215
8037054
8048065
8016258
8024446
8026030
8039717
7993802
8036465
8006759
7958094
8006103
8020073
7998529
8002876
7994574
8020194
8005105
8024711
8035057
7971890
7979397
8039260
8010179
8030455
7934037
8024716
8003806
8004029
8000671
8010692
8007258
8031026
8024871
8013676
8023740
8002840
8034735
8021618
8024223
7957801
8035303
8012941
8042946
8025436
8015080
8022866
8032412
8030611
8020025
8021505
8020388
8023779
8041932
7971868
7950141
8037143
7964805
8032030
7962954
8002321
8040643
8020549
8002202
8034956
8027746
8019645
8017286
7959782
8030710
8007040
8036222
8023532
8040603
8032679
8035622
7996177
7990387
8029485
8024238
8015492
8025764
7957537
8038136
8009862
8036380
8041582
8033879
8032101
8025846
8033594
8025470
7965942
8048904
7967533
8003112
7997573
8035958
8033303
8006983
8044343
8002973
8034034
8025806
8017253
8004702
8015233
7895589
8048548
8000718
8017698
7991259
8030036
8031741
8032545
8028530
8035845
8036454
8008784
8029678
8039687
7987862
8014258
8013558
8022975
8031268
8004641
8030472
8016385
7921438
8006572
8037767
8034945
8006142
8018946
8014102
8015082
8001382
8032892
8005565
8002385
8041833
8024748
7982248
7913882
8014309
8020416
8028968
8006629
8034483
8016979
7998883
8041353
8018059
8030124
8006831
8009750
8037604
7969296
7954267
8025522
8037786
8025306
8037968
8039131
8011191
7982552
8018465
8028435
8019062
7975604
7962734
8031011
7996712
8027913
8017960
8045273
8034317
8034337
8005747
8032744
7957537
8038041
8095863
8023355
8029134
8040935
8009829
7967384
8032135
8032675
8018266
8034921
8029565
8076445
7997621
8082618
8071405
8051235
8065339
8053534
8083071
8042970
8030044
8042681
8001092
8069710
7974539
8041076
8037435
7999794
8006765
7992783
8011476
8015002
8009195
8045359
7937340
8043499
7990406
8022647
8006371
8010485
8003219
8005248
8026673
8028185
8031347
8040904
8045062
7999524
8020034
7972074
8015496
8022696
8036435
8025725
8038031
8024273
8014339
8056122
8048622
8007657
8011151
8044675
8030713
8041335
8040437
8035300
8006573
8018576
8007792
8016716
8021581
7926917
8018003
8038711
8018793
8032080
8035466
8020744
8027725
8030934
8016512
8041135
8028812
8019300
8040390
8031526
7963756
8006051
8018485
8027790
8030913
8034950
7987775
7989010
8022778
8008869
8010865
7981478
7990830
8018739
8010721
7953126
8016384
7998940
7971104
8036078
8031006
8009411
8003633
8033154
8015608
7977075
8035795
8042730
8051494
8026035
8003003
8035232
8011541
8010945
8034089
7975244
8026776
7966001
8004656
8010761
8012390
8002386
8014770
8016055
8018201
8004726
8006405
8023144
7999212
8018514
8009437
8004110
7954287
8004740
8008540
8020041
8017255
8015267
8022251
8021373
8010030
8016957
8001966
8020748
8031330
8022413
8009966
7891840
8006394
8015020
8030283
8019172
8053427
8033083
7998965
8036209
8010569
8028993
8030991
8038699
8005594
8007688
8038258
8020052
8041522
8013400
7996636
8025619
8008113
7958743
8035151
8031144
8020245
8038337
8032434
8035177
8001673
8002768
7977722
8024398
8041369
8015100
8026533
7987524
7954460
8018030
8001149
8028784
7983165
7975219
8021171
8011428
8008717
8017468
8011285
8006084
8021873
8024792
7989756
7977584
8041222
8035867
8007766
8020817
8014745
8026346
7941895
7990219
8018702
7945588
7977084
8010317
8007756
8018045
8009823
8002124
8030192
8020829
8024058
8014130
8016877
7942419
8039541
8025322
8028241
8016165
8015835
8075937
8005796
8015077
8028276
8006461
8005272
7983080
8006024
8020512
7930460
8029758
8017765
8018089
8020858
8022074
8027815
7999336
8022433
8048410
8031873
8023775
8005037
8044408
8032088
7971087
8035676
8038961
8026115
8025994
8010022
8004455
8005042
8042588
8003726
8003524
8035919
8027841
8019065
8028619
7961154
8018144
8005447
8003778
8016367
8034151
8015927
7959749
8001825
8020549
8004159
8002397
8030591
7993174
8011019
8018653
8047903
8016621
8022511
8006020
8009081
7997820
7960605
8025447
8032121
8001218
8002833
7994752
8026253
8001942
8022569
8019085
8025506
8013478
8015459
8019493
8013817
7938490
8013890
8004564
8004272
8006488
8011172
8034281
8012604
8027615
8046451
8050542
8022585
8013722
8014511
7997419
7992707
8034790
8034596
8038853
8041240
8045351
8040301
8037249
8038619
8033485
8012357
8033198
8034866
8035746
8004538
8060799
8026429
8029257
8032806
8014345
8020151
8036293
7933911
8011841
8004363
8011844
8033586
8014512
7979267
8025613
7953046
8026951
7954090
8031136
8023905
8036058
8030279
7974395
8021368
8021636
8018373
8025431
8013007
8040543
8032717
8020645
8000265
8014342
7994744
8023313
8021300
8019861
7984643
8030688
8027670
8016927
8010604
8020877
8028820
8004465
8009708
8026833
8019733
8020876
8023316
8025492
7987152
7987029
8028465
8037865
8030517
8021749
8004123
8035540
7943074
8039626
8017104
8031372
8001605
8029109
8022524
8081771
8009426
8011927
8025674
8031077
8049804
7983140
8000738
7957358
8034652
8056838
8029977
8099457
8027511
8091769
8001155
8022524
8036784
8029325
8022479
7988733
8013878
7991674
7981457
8027767
8027711
8003664
7975284
8025760
8028325
8025578
8036359
7978707
8024835
8029792
7982480
8025242
8001291
8025072
8035775
8033233
8016012
8022543
8024912
8017397
7975358
8008845
8024753
8036539
8005443
8009287
8004159
7992470
8000745
8014131
8024292
8001768
8008848
8005416
7995288
7949739
8012944
7972811
8020532
8011816
8013183
8029782
7990199
7966965
8011444
7988063
8024934
8008690
8009842
8030213
8019227
8026051
8036973
8038305
8039198
8018858
8028891
7965977
8007919
8058796
8020470
8024467
8041453
8009735
8029497
8026331
8020807
7979808
8028428
8023261
8027936
7982028
7932786
8020917
8036593
8003957
8023309
8014986
8002636
8006586
7991494
8023493
8028119
8024084
8034251
8026954
7997312
7962546
7981359
8030768
8021825
8010891
7989752
8018517
7957929
8015564
8035285
8008781
8005908
8022832
8021016
8001453
7975548
8026509
8033331
8000030
8036626
7994354
8005242
7943161
8019047
8026895
8003762
8031878
8026814
8032423
7991131
8032493
8028689
8002104
8035195
8023324
7999564
7949242
7972431
8024476
8006712
8015445
8038907
8027526
8008069
7998684
8013390
8030283
8006358
8024962
8033662
8002998
8030267
8008613
8031937
8022919
8013551
8025547
8029763
8030171
7959595
8005347
8017976
8022790
8015794
8048722
8009170
8041856
8020631
8050875
8034801
8026645
8028051
8000467
8008696
7950412
7999973
8019198
8023700
7998959
8027350
8020661
8017580
8032077
8027783
8017073
8028609
8024476
8026382
8014238
8032504
8047494
8071297
8025688
8074490
8081219
8025559
8000374
8029056
8030038
8008194
8039425
8033816
8052693
7957923
8005925
8018189
8032744
8026843
8021921
8031864
8026738
8022863
8035420
8025999
8018466
8003504
8029665
7999811
7950416
8022740
8021298
8026692
8020644
8055236
8029660
7989354
7994314
8038601
8026825
8036191
8027739
8021031
8025747
7968670
8046098
8039329
7994831
8022297
8000041
8022771
7962149
8022794
8029357
8006275
8017981
8043603
8008129
8019811
8007865
8033471
7995846
8024047
8016812
8008872
7994233
7922614
8004900
8013277
8020789
8027407
8006124
8009255
8023850
8010623
8021616
8031886
8024760
8027837
7998017
8018374
7969131
8032136
8029968
8018044
8019773
8024416
8021517
8028482
8020239
8025029
8026137
8016677
8018635
8008733
8011498
7914135
8005483
8033771
8000986
8026887
8033383
8017187
7958062
8008248
8024302
7996047
7970107
8028246
8008766
7996168
7998927
8047787
8014794
8025269
8023038
8007542
8033916
7958890
8011581
8039302
8013238
8031239
8024979
8026948
8015733
8009046
7999043
8024376
7989394
8023832
8015907
8032724
7958395
8022449
8029273
7996771
8024963
8055350
8042935
8029727
8031964
8039599
8029290
8014412
8021758
7998630
8029615
7968605
8043028
8030595
8014648
8006102
8007394
8020068
7990014
8030213
8040837
8019627
8038493
8032447
8029840
8024649
8036058
8032700
8032361
8003829
8029687
8021705
8017760
7973102
8028485
8027968
8008811
8034713
8009347
8003946
8010807
8047995
8017132
8026869
8026035
8035035
8015962
8034826
7943093
8003156
8033969
8008795
8023211
8013366
8015484
8018393
8018619
8044270
8027706
8028130
8055940
8012408
7988894
7953471
8037913
8034543
8029809
8022567
8022358
8001556
7977590
8034211
8021960
7995344
8047645
8024045
8016504
8016853
8023787
8023659
8043545
8027508
8009982
8019579
8032401
7967306
8014694
8039685
8000091
8024062
8038953
8033821
8036614
8003072
8023587
8028846
8080021
8074902
8052354
8030370
8073166
8065857
8074924
8027383
8051250
8038924
8005883
7972570
8043511
8037402
8015555
8026912
8039762
8034563
7972635
8008323
8027346
7969786
8004353
8021111
8027450
8002787
8028933
8031723
8028189
8036262
8004502
8016290
8003360
7898223
8033429
8033513
8014648
8011462
8057038
8032889
8024584
8019128
8032899
8023561
8025829
8001315
8025834
8015746
7949485
8023010
8010802
8015330
8025897
8043947
8002986
8028105
8051494
8005745
8012189
8025326
8009274
8018848
8026406
8015778
8023860
8016897
8019816
8003557
8016292
8000918
7953227
7989335
8010854
8002620
8010531
8014458
8028518
8022644
8006682
8023595
8015705
8024306
8025627
8021622
8024720
7946293
8007796
8018469
8026815
8016183
8038670
8001579
8018725
8037923
8033707
8047029
8022280
8034660
8038905
8015954
7971389
8033716
8036413
8009471
8016635
8054743
8005880
8002131
8007489
8021516
8013216
8022895
8048969
8049102
8035822
7964434
8033135
8010291
8028046
8011121
8003812
8034859
7975450
7999825
8034601
8018865
8016115
8052165
8041290
8018913
8047416
8012169
8013780
8030940
8016448
8041185
8023042
7949618
8002037
8031435
8031946
8028891
8029093
8035974
8027253
8034634
8022453
8017765
8038749
8049001
8009668
8010953
7945679
7995061
8014345
8014915
8012884
8006798
8010298
7978622
8029413
8036818
7986258
8007002
8044899
8003981
8016468
8042372
8027066
8026211
8014864
8020347
8013855
8025068
7950831
8034487
8037581
8004071
7985837
8022986
8002009
8041835
8011443
8020472
8025490
8002059
8017136
8032724
8037737
7951724
8031450
8101706
8043926
8037612
8017364
8016896
8037756
8007477
8012392
8010624
8043339
8018857
8035861
8036564
8002623
8053478
8033086
8046229
8030912
7987988
8021431
7954949
8034654
8037330
8038786
8024112
8025605
8016988
8025548
8014148
8040642
8029282
8021796
8020597
8030305
8039204
7962947
8002113
8040347
8019905
8027141
8055967
8019391
8009810
8012524
8013933
8020409
8021965
7986986
8039790
8019228
7958549
8010979
8035936
8020252
8018426
8002763
8016942
8025573
8014409
8020916
8019498
8021254
8006126
8028510
8032432
7977022
8055699
8043810
8026739
8035623
8046251
8022506
7960874
8036514
8033317
8018851
8044208
8044815
8014736
8030407
8019126
8049727
8009166
8027952
8020183
8050505
8005204
7945052
8029094
8015301
7992334
8017958
7999954
8020770
8029179
8033287
8044148
8034577
8034148
8041340
8016183
8019266
7949760
8072278
8036188
8029116
8047225
8038756
8028322
8018823
8041928
8018792
8015798
8026098
8049004
8023856
8014525
7971084
8034115
8022611
8015975
8020453
8016609
8010223
7956777
8033610
8015400
8000981
8018841
8036304
8025887
8023100
8019165
8031080
7977542
8008597
8016505
8036115
8035568
7953899
8023679
8001791
7951143
8039559
8016335
8025513
8003924
7995552
8003710
8028731
8020360
8016499
8006934
7990378
7955078
8000727
8024819
8014142
8040963
8033846
8027872
8003621
8048124
8029697
8031347
8052495
8019744
8023835
8031640
8035356
8025259
8044142
8029973
8038842
8005777
8011687
7956014
8022299
8014885
8010603
8005675
7993442
8015133
8029084
8018738
8003902
8026263
8017277
8013597
8033815
7998518
7950588
8020676
8012687
8016530
8040194
8025685
8020744
7965582
8020739
8020925
8035338
8069454
8067440
8073865
8025845
8030317
8035758
8007808
8044657
8013152
8007352
8015236
8040441
8049049
8016648
7987247
8017632
8056530
8092671
7985523
8037922
8032352
7999325
8011457
8026748
8030726
8040371
8010624
8005514
8009707
8010740
8051068
8011480
8031944
7971666
8027267
8040262
8019751
8036616
8027530
8028100
8030916
8045378
8018014
8018897
8019743
8029788
8024748
8036919
7974284
8026199
8039168
8027202
8015350
8015037
8041651
7971434
8004294
8002211
7998713
8012974
7979030
8010110
8049942
8008076
8053890
8028489
8028094
8071796
8009724
8010683
7946681
8032990
8015508
7979700
8011818
8069024
8050596
7977434
8023786
8050432
8062003
8013898
8057903
8048549
8035680
8016369
8023146
8058639
8026444
8041235
8040699
8032292
8011459
8036165
8004529
8040190
8049194
8016134
8016100
7990181
8038663
8023177
8025726
8023065
8037812
8025031
8018494
8050994
8064857
8027380
8042569
8035805
8028247
8033016
7925415
8013719
8032949
8029556
8023944
8017141
8051863
8010537
8000430
8049987
8027913
7996909
8032224
8028674
8008937
7950733
7986711
8028913
7995113
8032184
8009012
8048554
8027396
8012016
8003021
8039752
8063793
8026283
8039132
8023052
8030612
8063998
8000147
8054138
8056418
8062098
8033254
8004124
8068438
8005845
7982465
8037907
8037629
7997305
8019480
8030695
8009736
7946855
8016467
8043546
8045459
7972738
8025449
8025103
8029615
8021729
8029895
8037871
8038762
8028525
8032028
8029888
8011625
8002998
8034942
8021075
7967805
8013556
8033251
8016233
8035540
8008008
8009278
8018072
8025854
8009940
8006660
8021187
8018272
8034938
8037162
8030966
8031247
8007084
8024930
8045231
8126588
8084351
7946144
8037076
8005015
8030096
8004896
8008166
8031806
8036042
8041786
8011215
8000450
8018775
8051437
8009120
8002897
7937317
8054611
8007594
8005692
7997664
8038393
8032164
8004684
8033832
8037900
8037154
8007594
8005909
8029015
8035810
8012204
8009356
8030083
8029811
8049680
8017723
8012550
7937451
8030970
8024306
8019238
8020444
8023814
7950923
8009714
8023026
8008204
8037274
8006842
8009150
8026665
8008621
7957113
8061166
8030074
8005130
8024224
8001877
8015484
8002635
8013046
8026093
8021109
8015161
8020041
8013193
8013455
7937476
8022571
8037472
8002954
8023895
8055972
8041098
8024815
8044472
8036456
8003089
8029666
8034455
8026982
8027564
8016481
8045189
8021204
8036921
8041640
8035488
8058119
7973633
8012732
8056324
8013917
8015504
8043363
8037256
8033333
7993838
8009298
8038939
8026562
8009864
8010401
8002471
7970977
8027868
8023268
8006431
7929222
8046080
8029077
8028804
8034619
8027682
8028226
8012328
8036524
8033402
8011725
7968091
8083210
8020878
8050245
8029828
8051942
8030947
7959238
8025489
8000283
8012016
7968760
8036489
8038668
8041208
8034317
8038078
8006734
8019578
8004535
8017731
8045093
7972784
8016294
8000138
8034564
8064321
8048317
8012730
8019045
8049140
8019723
8000978
7959784
8002228
8023155
8020439
7967045
7997804
8016327
8036022
8029846
7983989
8004293
8036656
8037754
8020694
8024758
8023230
8028694
8026311
8029564
7999024
8034232
8028623
8025918
7950040
8008810
8022837
7951133
8051876
8036895
7988800
8007901
8046001
8008768
8011087
7976943
7986653
8034349
8030914
8028049
8033496
8012873
7968373
8028109
8027560
8017154
8012733
8021828
7971107
7987795
8044928
8038791
8030925
8011196
7981340
8036077
7988222
7952681
8015849
8036743
8020938
8018676
8019256
8039530
8010373
8045031
8041737
7933997
8026927
8023447
8003854
8033705
8016276
8023727
8012171
8018295
8026827
8019788
8030636
7961926
8033650
8000891
8003216
8041399
8032290
8029355
7973968
8028363
8046043
8017627
8017682
7977766
8040523
8009421
7952621
8039362
8033836
8026308
8011024
8026717
8040961
8029600
8012666
8014076
8020481
7986204
8024206
8022432
8009652
7950309
8025220
8019761
7990667
8021136
8046685
8019282
8015215
8031971
8009719
7999549
7972176
8026653
8033105
8000241
7950382
8030609
8010394
8026131
8025323
8005690
8029338
8036678
8016981
8007937
8018996
8015199
8014946
8040057
8014396
7905056
8011483
8037098
8032729
8036693
8014760
8040061
7980893
8031509
8044654
8019592
8044048
7979693
8026885
8014271
8049888
8022021
8023077
8027625
8031417
8034895
8027043
7956942
8011433
8029771
8036795
8025843
8040174
8044723
8044183
8030790
8011762
8038944
8009182
8022792
8035253
8018529
7948799
7976927
8030557
7995667
8015003
8017952
8045855
8022776
8015401
8017755
8018924
8003912
8018476
8023435
8009837
7942532
8031297
8053633
8027294
8010575
8024445
8025514
8008762
8015871
8024527
8023372
8010646
8017082
8015512
8025075
7970168
8019520
8006314
8026054
8026926
8023287
8010641
7956722
8028546
8036578
8020550
7998626
8031868
7985139
8011897
8010391
8041450
8025299
8041387
8004254
8030755
8044147
7965428
8025364
8035215
8014262
8035111
8038102
8032494
8029962
8023484
8014257
8033309
8011938
8021369
8021474
8004579
7928119
8017494
8022863
8028566
8026952
8055171
8033756
8012444
8030233
8068485
8022681
8049931
8005463
8021850
8023597
7943021
8030042
8013430
8028938
8005833
8023572
8023499
7945533
8015838
8011109
7957936
8041952
8023429
8038080
8011395
8035610
8028429
8023945
8018043
8035372
8018838
8021152
7966797
8014080
8019353
8024713
8018254
8032556
8036708
8050927
8001066
8029350
8004399
8025838
8033188
8030651
8028384
7961614
8015515
8028200
8024800
8003102
8009328
8042067
8040262
8036084
8026804
8028624
7995116
8033767
8044112
8047427
8013439
7957737
7994510
8033019
7968514
8041467
8031577
7940632
7999652
8019824
8028328
8023743
8048145
8006574
8017458
8008808
7996846
8018014
8037324
8012956
8000287
7991522
7954562
8003546
8035117
8015389
8019938
8017689
8007675
8008931
7958651
8030549
7982418
7953012
8080505
7966032
7987522
7981587
7975165
7984922
7954838
8028138
8008142
8011453
7953641
8004330
7993286
8002334
8019104
8004210
8019643
8634753
8012468
8021278
7996753
8031881
8000095
7998920
8016861
7945063
8003324
8016968
7991260
8015572
8005767
8023156
7990085
7993781
7968721
7975844
7930870
7983707
7979801
7965904
7951143
7970813
7952249
7942854
7984750
7974255
7993913
7970354
8009547
8007766
8029985
8030009
8009216
8044831
7954026
7953297
7995381
8026927
7980122
7986581
8010843
8031022
8027132
8008173
8037732
8044953
8032152
8038489
8017758
8020407
8032074
8013567
7994805
7988546
8046257
8027000
8021603
7957176
8023425
8039969
8023089
8012853
8014832
8030861
8018097
8018932
8024967
8016432
8012674
8011078
8025379
8018379
7940869
8015227
8041854
8037632
8033311
8061735
8012767
7930221
8014466
8022716
8022793
8017862
8010930
8031242
7993573
8008696
8026610
8029346
8019114
8022854
8034272
8008195
8008862
8046178
8014045
8031883
8011995
8046566
8029959
8028160
8005483
8040335
7999449
8051007
8007980
8033487
8006446
8033277
8021089
8049282
8005016
8053835
8041974
8032673
7962094
8020814
8033392
8006064
8027197
8028334
8041303
7977871
8012087
8050936
8019610
8033763
8019067
8039997
8032518
7908778
8034288
8027808
8020591
8013429
8017077
8016140
8027228
8044172
8033180
8031905
8029613
8035060
8026830
7987438
7931596
8049461
8022965
8014788
7974490
7998961
8036728
8032597
8032731
8045037
8028713
8029079
8036340
8051610
8015026
7952466
8020677
8035713
8008007
8003102
8035796
8017196
7980907
8019979
8036869
8015776
8036180
8041166
7998780
8036667
8004542
7985264
8026887
8029867
8053210
8024554
8031444
7966913
8013723
8011412
8032285
8022423
8059778
8035281
8041144
8029666
8001119
8008991
8043039
8014797
8008906
8017973
7963043
8028556
8032796
8009588
7992325
8022808
8026854
8028754
8015025
8058020
8033437
8043822
8033844
8027096
8013086
7957059
8023801
8040531
8057531
8026994
8032813
8022893
8007920
8032285
8020725
8019607
8018018
8081158
8023267
8037471
8044564
8026660
8023980
8029958
8028192
8009811
7986949
7952363
8024279
8004504
8050091
8040476
8068201
8037693
8015073
8030784
8039192
8034667
8015584
7980218
8037971
8028351
7940107
8029974
8025405
8034099
8009575
8042582
8010133
8037685
8017522
8038749
8053399
8047400
8030893
8022689
8023466
7962171
8046801
8030716
8015314
8033151
8057938
8035964
7975062
8022095
8026269
7994780
8037702
8017751
8021315
8019151
8029133
8039468
8031699
8005958
8029484
8014668
8025503
7947434
8037631
8031569
8020565
8041303
7997343
8037599
8012821
8003108
8024320
8001020
8022804
8017718
8010042
8019222
7964796
8030589
8035079
8041385
8020482
8018463
8037818
8031552
8029712
8010177
8059577
8014044
8015670
8023884
8034373
8032811
8040510
8016460
8016504
8010574
8041076
8034840
7943745
8043887
8039757
8016825
8033337
8014660
8026121
8034646
8031999
8034051
8042917
8026622
8017962
7998747
8045005
7944053
8027072
8026325
8020175
8026582
8029781
8022287
8010956
8027793
8035794
8022741
8008829
8019556
8009465
8025105
7955558
8016104
8052899
8032148
7988489
8026674
8030113
8011006
8004887
8029953
8029434
8036477
8014268
8010665
8008374
8014609
8011844
8033636
7997175
8057150
8032589
8033555
7958281
8031586
8041367
8015823
8038884
8043721
8020389
8030477
8008844
8030217
8032243
8027101
8038120
8017619
7996545
7954359
8049416
8015439
8036246
8006548
8031567
8001194
8036465
8028543
8032146
8034362
8032961
8006220
8033558
8018087
7954256
8041485
8037563
8007864
8010256
8065764
8032041
8003539
8030920
8011473
8027223
8033245
8030953
8036850
8033235
8023473
8035722
8046648
8044285
8038181
8032295
8035557
7965446
8046975
8035404
8024138
8019863
8019539
8037055
8015180
8045961
8041792
8055637
8033761
8015197
8041013
8041542
7967303
8043273
8020721
7970467
8001208
8021709
8024599
8038788
8024319
8043941
8026237
8027397
8045315
8042217
7999816
7962739
8019499
8033446
8030001
8019606
8047967
8043598
8010448
8020252
8022755
8020569
8023731
8045028
8000390
8028197
8039206
8040099
8030666
8048509
8025144
8012461
8042062
7960260
8048743
8028571
8022726
8033551
8071729
8007172
8034992
8039866
8006133
8028880
8034790
8009954
8062452
8025860
7968141
8036588
8011615
8017487
8054108
8052990
8043090
8053060
8040538
8033035
8037014
8021227
8008213
8032522
8021954
7977341
8039665
8002441
8021148
8032143
8035782
8034752
7955183
8030507
8031197
8029505
8014770
8021670
8027166
8023356
8006873
8031851
8017176
8021952
8010741
8026402
8023509
7965117
8014616
8043566
8022636
8020242
8024629
8025433
8003292
8024059
8011377
8016564
8037205
8007459
8037957
7992889
7949876
8010181
8023747
8022564
8022668
7975635
8006450
8039870
8013311
8021313
8032059
8030616
8011618
8033346
8007898
7968886
8037955
8019157
8014842
8014195
8047375
8001303
7958988
8024908
8029923
8012085
8013474
8002425
8032319
8031971
8011654
8012189
8030733
8007187
8026327
8030484
8018523
7938325
8007073
8021532
8018056
8015420
8024781
8004837
8055807
8031929
8022944
8010922
8011239
8021297
8014068
8004907
7978792
8018290
8022983
8026071
7999435
8010837
8019287
8005727
7999326
8027135
8026436
8012329
8014865
8016696
8008007
7957448
8044386
8004837
8002929
8018761
8003914
8032234
7958895
8024462
8004223
8011996
8024083
8009040
8021858
8018545
8029856
8028823
8017153
8030177
8032277
8056610
8025038
7948411
8022120
8029976
8022341
8012122
8023733
8045783
8045504
8038929
8045395
8003852
8047927
8031475
8045722
8014857
7955542
8028266
8028363
8062971
8038174
8042838
8034826
8023424
8032100
8032203
8015667
8024631
8035045
8024974
8056878
8031432
8047002
8032383
8017690
8033178
8029930
8040141
7955529
8024028
8034500
8015242
8036718
8038997
8027881
8018958
8024346
8030731
8025521
7974558
8027748
8048900
8014202
7934216
8019190
8028829
8030537
8029412
8034469
8024067
8018956
8019873
8028291
8016528
8010112
8027716
8017499
8013918
7953344
8017929
8034744
7992037
8020121
8032574
8012975
8034995
8016150
8018742
8027326
8028462
8022957
8020680
8017088
8007387
8024543
8042284
8023354
8036492
8037823
8013247
7954042
8035243
8048897
8035705
8008563
8038811
8021773
8035158
8008379
8017307
8011565
8040875
8026355
8031193
8024448
7933032
8041722
8030246
8040608
8016057
8035047
8022482
8034036
8005104
8004483
8027735
8010948
8042668
8030379
7998780
7949915
8037978
8038350
8021706
8037040
8036776
8021019
8009479
8049712
8019350
7997025
8018674
8011895
8031828
8022376
8026175
8017678
8020255
8032882
8021304
8027420
8022670
7943953
8010872
8017026
8027188
8003966
8028121
8010919
8043934
8007273
7979553
8010301
8008143
7999809
8017207
7997703
7902318
8011026
8012468
8022395
8035291
8036336
8032937
8095782
8039668
8038938
8059859
8026230
8041399
8017863
8034521
7947230
8035575
8010082
8019765
8015127
8041429
8006179
7962615
8036067
8036435
7999385
8025521
8038014
8025069
8033050
8031621
8011666
8040235
8035065
8031257
8019510
8018748
7976627
8046751
8043725
8021826
8025411
8052640
8031796
8024164
8054347
8009358
8016322
8011482
8024637
8015191
8010509
7951970
8054508
8012579
8018785
8017194
8024431
8032556
7944275
8031264
8021690
8009630
8015469
8016156
8011059
8026024
8020639
8035589
8033647
8019083
8027947
8010478
8033646
7953005
8019400
8006761
7995285
8011686
8041791
8037481
8007738
8004689
8017571
8011309
8013121
8020081
8012806
8022698
7974366
8022535
8031823
8010409
8015111
8024277
8041176
8047823
8020509
8001691
8037208
8012407
8007138
8003706
8043525
7966138
8014243
8028421
7971553
8018701
8038948
8035319
7974953
8026439
8053354
8023939
8026713
8045657
8020092
8030731
8009229
8042509
8018409
8017675
8015053
8045204
8023819
7955810
8046256
8030842
8031747
8037598
8061609
8027480
8019274
8034041
8021754
8033794
8029976
8031794
8045333
8013599
7950547
8010040
8066076
8041126
8048535
8045097
8023578
8013288
8046510
8031016
8024209
8027754
8040863
8042196
7995218
7916560
8059077
8029635
8051228
8005513
8009985
8038702
7997471
8025898
8010970
8019598
8026066
8030475
8038072
8022078
8010625
8048692
8028996
8019198
8030777
8044217
8026197
7956396
8022117
8045281
8016267
8045083
8003048
8013457
8051643
8041416
8029176
8020219
8027163
8060735
8025353
8004593
7962354
8031745
8041680
8035477
8035425
8031180
8029064
8029683
8018948
8035269
8051325
8041180
8042425
8033490
7998109
7950444
8037483
8017438
8028689
8082906
8025142
8021595
8029987
8009724
8041215
8017271
8035466
8010405
8030548
8037032
8047497
8013411
8042073
8020804
8050964
8258492
8014257
7932450
8033878
8041052
8038013
8043506
8017023
8023388
8015251
8037366
8016186
8022260
8010698
8014050
8026885
8018143
7948393
8035577
8035052
8033575
7969394
8012447
8007911
8011125
8013370
8032774
8020967
8020306
8010005
8036569
8008352
7953364
8031979
8034964
8017696
8050249
8039293
8022985
7972549
8036213
8041302
8023744
8038113
8036723
8023213
8039181
7961287
8043526
8037763
8034341
8058280
8034599
8021273
7996477
8052263
8050131
8027124
8051927
8024467
8029510
8033714
8015039
8013636
8038079
8030016
7996096
8022181
8011986
7952319
8029168
8034865
8035502
8023802
8041057
8021644
8037730
8034886
8060626
8061194
8063040
8085596
8078681
8027918
8005139
8030801
8000280
8013746
8009259
8018534
8009060
8024953
8062939
8037802
8019291
8033715
8046777
8041231
7967794
8041938
8051285
8031192
8023953
8013312
8044013
8003252
8019612
8040993
8076649
8028445
8022697
8014011
8004147
7971250
8025605
8039539
8057873
8017819
8019965
8024763
8036738
8017328
8016427
8032365
8042415
8007501
8024382
8029313
7964103
8028055
8047477
8004445
8023021
8017902
8022326
8041914
8011461
8012320
8040607
8037516
7990901
8016613
8038976
8037346
8012094
8006422
7986560
8007880
8033177
8039123
7975211
8039456
8021242
8005238
8035855
8007927
8038619
8029557
8019017
8030913
8011453
8026838
8010502
8015179
8001644
7964674
8006835
8036877
8019595
8021760
8039656
8013442
8036489
8015904
8033246
8039754
8026313
8001404
8012425
8016511
7940547
8040731
8023219
7969728
8008092
8032294
8013993
8016038
8016485
8032573
8035254
8013790
8039818
8023980
8030782
8035695
8042561
8020206
8037898
8012606
8007420
8012131
7970225
8041665
7995942
7992379
8035749
8014447
8010476
8025207
8006040
8001317
8037046
8017077
8054828
8041131
8030881
7946688
8024266
8015718
8005595
8035266
8047351
8053403
8028097
8017737
8039187
8031640
8027826
8005902
8017048
8020005
7955454
8022428
8016103
8032514
8041270
8033646
8060135
7966012
8040006
8033882
8000377
8050944
8031611
8033847
8032608
8014692
8043255
8008018
8030357
8038240
8021889
8020171
7975101
8010212
7998371
8029686
8011533
8025483
8032261
8014509
8073918
8016678
8031918
8019475
8003844
8030821
8009753
7960666
8029758
8012216
8015370
8030420
8038928
8037568
8009965
7998922
8029863
8038855
8013881
8007759
8025632
8003996
7965825
8041204
8008708
8035769
8040376
8035316
8035243
7973341
8032782
8025688
8008497
8038606
8015859
8019981
8007566
8001784
8003601
8013158
8012990
8017493
8014910
8009080
7943216
8028918
8016544
8020173
7999419
8025523
8009305
8043295
8021822
8024367
8021097
8013322
8025204
8017795
7993007
7969395
8010572
8024482
8017515
8027168
8034958
8011325
8033180
8015643
8019987
8015848
8010518
8030772
8018789
8024944
8015786
8008296
8027781
8030861
8006240
8001106
8006031
7959890
8018401
8029124
8002965
8034058
7991240
8016812
8027496
8013456
8032759
8015250
8027649
8023460
8009848
8019946
7969731
8033616
8025938
8002011
8005694
8015567
8030823
8023703
7999255
8009139
8028694
8011999
8061683
7997589
8021966
7966121
8024642
8019245
8034797
8029462
8019935
8008519
8015957
8013766
8017735
8007019
8013639
7996847
8023160
8011189
7958868
8018818
7998064
8035530
8019622
8008884
8012521
7963869
8004950
8025903
7962588
8022971
8007905
8018547
8004382
8009431
8031960
8009031
8000978
8023434
8021616
8011218
7948041
8008755
8016725
8018387
8012281
8020311
8018747
8011151
8024885
8014378
8011926
8020260
7992492
8004903
7995602
7954385
8029622
8021371
8011983
8029260
8032244
7997570
8030604
8003315
8025761
8005010
7993676
8033144
8034743
8023815
7962204
8033117
8024788
8027319
8060190
8010707
8029012
7941388
8005219
8011770
8000187
8021119
8006910
8028614
8043233
8011549
8011352
8008508
7991933
8014828
8038917
7999816
7946938
8015010
8023401
8011538
8018665
8033728
8010488
8003810
8002902
8025009
7965752
8007729
8028461
8011889
7997801
7950459
8015854
8019031
8003680
8010772
8006013
8002440
8004430
8018432
8009773
7992632
8019589
8010267
8018578
8025201
8016692
8020498
8007149
8012773
8015704
8025723
8009936
7967315
8023903
7999129
8021268
8041498
8008232
8017225
8028808
8025940
8026777
8010561
8005529
7983955
8028422
8022389
7960549
8025480
8035228
7987388
8000295
8031629
8017817
8007456
8046243
8021899
8007713
8004816
8001708
8008844
8009501
7955712
8005302
8006857
8015660
8042274
8014051
8022177
8031070
8034140
8039566
8023242
8037087
8003226
7997757
8015499
8006344
8014742
8002946
7995404
8019758
8010649
8015272
7934394
8000018
7997174
7997106
8021493
8004417
8007100
8015145
8025553
8009981
7999838
8013429
8011354
8038998
8013363
7939611
8012785
8039447
7985062
8013734
8006005
8017281
8010493
8006750
8014807
8018790
8027791
8030324
8013750
8001441
7950235
8021476
8017347
8015794
8030344
8007184
8006569
7960942
8043231
8024973
7993820
8001970
8025020
8022613
8024594
7992695
8007190
8024139
8022319
8026755
8009036
8024573
7938914
8031661
8027409
7993945
8025307
8029070
8031059
8021222
8038100
8033593
8042644
8021101
8011892
7958276
8013522
7958755
8033115
8012225
8011928
8029316
8029447
8010005
7999426
8012038
8034639
7997548
8004797
7992191
8025801
8005504
7945573
8026714
8005229
8013183
8006901
8039912
8020026
8022567
8020351
7995585
8007824
8019023
8006268
8017932
8024051
8022817
8011282
8016552
8004266
8016297
8015777
8007672
7953577
8004224
8008906
7988815
8004636
8014174
8018758
8004840
8020625
8015111
8021608
8014895
8046006
8025595
8013095
7954810
8029904
7991863
8027272
8009977
8023190
8031265
8012215
8007759
8008462
8002417
8008096
8021374
8006661
7995497
7941472
8025565
8065220
8010615
8038898
8021807
8029469
7968626
8013701
8030338
8013600
8021142
8009465
8006048
8020715
8005253
8008839
8026108
8022564
8025629
8006508
8022711
7943773
8045171
8038770
8009808
8000658
8033399
8025832
7999634
8033027
8007911
8022872
8004853
8000816
8029038
7993568
7956863
8006110
7991378
8001584
8050834
8036660
7997962
8017949
8031142
8018972
8014359
8030717
8012241
8013732
8004693
7944942
8028428
8028075
8036884
8019877
8004538
8004428
7983791
8000494
8014113
8012999
7991452
8002611
8012411
8030836
8037755
8029918
8035275
8023641
8006019
8001153
8027455
7945672
8036900
8016179
8007549
7997054
8009020
8026914
8007467
8025754
8013277
8023213
8018809
7999678
8007144
8016859
7933586
8004249
8007514
8016069
8003146
8019928
8037612
7993733
8003612
8006301
8003620
8025483
8007255
8032918
8024801
7957050
8037910
8039588
8034539
8001009
8023950
8005809
7938978
8028891
8025953
8028519
8019573
8017737
8030988
8024107
8017140
8042285
8015007
8034294
8030937
8029020
8007564
7943814
8003255
8002823
7992809
8001061
8039977
8026241
8018230
8017855
8016679
8011324
8010022
8003367
8029280
7994259
7934060
8018216
8016625
8022082
8034352
8034994
8023339
8023104
8026117
8024562
8037102
8006396
8007073
8024281
8006493
7935518
8018425
8023439
8009249
8029912
8017679
8020346
7974519
8009068
8010362
8022682
8011361
8031323
8005251
8015761
8020260
8018937
8018499
8049316
8029496
8013789
7987762
7954860
8030036
8001663
8038217
8023402
8013654
8029253
8016788
8021033
8024665
8028694
8004134
8034221
8031283
7996168
7940834
8002061
8032561
8027093
8006166
8048176
8015773
8029362
8027095
8001803
8078916
7992872
8012782
8024647
8021197
7950284
8035653
8009565
8002575
8031410
8033034
8029295
7954820
8027428
8024182
8026850
8035563
8010426
7997921
8018822
8026025
8061567
8038707
8022845
8010781
8023217
8032018
7945202
8022866
7985274
8006489
8037076
8034810
8010712
8010841
8031552
8018555
8008574
8039253
8034730
8020668
8001213
7971413
8033188
8029308
7999761
8021882
8038008
8027438
8005974
7985649
8035198
8019759
8027778
8024049
8027639
8025649
8033255
8018693
8025833
8008698
8017932
8017049
8012049
7966353
8026184
8027524
7992383
8010417
8020110
8028748
8024046
8008590
8031366
8003314
8010220
8021336
8038741
7989421
7961633
8019133
8036768
8005627
8025034
8021299
8027421
8018228
7976631
8018684
8007288
8032019
8029608
8026364
8007870
7941543
8030708
7994051
8022326
8017297
8105770
8045036
8010577
8034596
8006753
8022122
8015579
8020497
8037423
8029817
8023341
8015285
7999055
8025587
8019026
8014065
7998780
7950123
8005292
8021552
8017749
8043719
8036665
8009834
8019710
7998217
8012871
8030043
8033519
8020855
8027439
8021791
7965318
8026108
8025330
8026726
8018199
8028172
8025325
8026426
8029032
8018692
8053347
7997529
8015032
8016214
8020691
7960172
8026803
8025992
8011866
7997242
8012015
8024213
8011126
8014370
8037169
7991263
8003605
8010625
8035030
8036465
8026251
8014170
8065901
8027824
8027465
8040416
8033227
7935006
8016948
8023030
8007589
8049444
8026297
8016403
8036482
8026362
8013367
8008893
8020516
8008733
8036576
7991036
7972111
8014988
8039738
8023413
8013123
8029782
8025835
8042662
8067948
8098056
8027130
8055499
8030603
8024008
8010640
8040148
8040976
8005710
8013636
8007585
8008258
7994626
7972129
8000076
8046116
8025761
8037647
8026400
8029449
8037360
7996258
8026365
8015382
8000129
8000750
8027610
8018830
7948963
8004156
8012725
8014524
7993886
8020309
8015291
7940574
8032234
8031582
8002641
8014470
8026079
8021782
8017457
8004247
8032744
8009503
8008840
8010142
8019691
8010232
7958291
8017863
8007802
8003394
7968149
8016654
8013842
7996357
7957951
8012304
8006539
8001017
8009701
8015245
7992973
7934837
8002883
8032974
7996691
8000999
8041921
8029752
8004891
8015466
8017404
8000657
8010459
8023388
8014263
8004168
7932021
8018773
8026523
8007165
8016866
8022020
8018070
7946938
8027003
8027281
8040456
8021023
8026123
8012093
8014367
8021841
8024913
8012633
8031433
7998041
8030280
7992153
7941403
8051487
8035296
7994079
7965475
8052938
8021528
8019238
8054636
8007409
7997308
8029942
8003174
8032948
8006702
7934758
8029941
8042789
8015681
8030269
8014176
8024102
7942923
8034161
8010905
8018442
8062545
8043842
8050988
8010179
8018344
8017779
8002180
8041470
8039147
8052070
7964155
8004033
8016492
7986405
8002864
8015498
8012975
8005889
8021659
8053150
8009719
8013688
8016419
8011742
8016489
7941073
8016453
7980265
8022568
8011034
8024738
8021227
8031353
7986687
8012284
8021475
8007025
8004687
8017836
8007911
7939467
8011033
8021331
8015705
8042440
8028166
8034284
8031403
7987235
8032607
8006194
8002094
8040132
8024910
8034335
7948942
8041492
8031867
8024128
8030269
8018568
8034777
8038922
8036413
8033637
8003588
8072515
8062609
8038222
8021417
7988903
8021818
8028514
8009093
8040041
8011340
8022180
7935235
8037076
8002351
8039476
8010981
7974754
8005530
7977839
8017909
8012227
8001940
8012012
8023408
8057819
7994962
8003825
8024001
8019053
8019551
8030888
8012195
8018421
7952711
8007029
8014726
8012046
8019803
8015301
8021475
8029090
8048128
8010109
8010217
8009043
8025885
8020747
8002628
7945025
8014555
8026983
8012748
8026030
8022610
8009538
8014641
8020615
8025027
8023038
8028526
8014844
8017298
8000889
7967274
8270558
8016614
7999626
8023746
8037914
8023820
7963587
8035792
8024143
8010740
8040259
8034492
8007341
8010363
8024569
8017986
8025632
7953435
8014656
8035810
7989167
7978658
8003257
8010788
8020414
8038388
8023786
8017591
8002955
7995102
8014363
8011412
8026309
8023465
8025759
8016679
7938133
8031653
8030286
8020416
8016680
8032281
8008111
8014874
8032125
8021618
7987830
8015879
8022983
8015450
8015111
7998862
8016543
7998935
8005094
8027304
8020403
8026860
7949172
8009099
8002051
8003013
8008356
8027279
8029757
8021401
7999298
8023037
8017037
8012545
8031180
8013638
7990467
7977022
8011639
8029513
8032639
8024012
8057187
7995397
8036100
8009839
8055366
8032287
8030036
8014315
8032975
8036774
8005923
8003191
8039184
8006475
8008947
8036690
8026441
7965880
8031792
8025022
8022789
8025305
8031612
8021676
8021404
8004951
8032138
8000742
8032857
8017023
8042758
8035518
8047242
8036597
8033854
8020702
8019382
8013842
8020643
8029347
8023508
8018758
8022964
8019406
8026157
8032213
7994861
7951414
7995351
8029702
8013025
8033877
8017046
8013831
8008201
8014252
8017855
8000978
8020710
8011950
8002491
8007331
8002416
8023723
8016359
8013931
7996349
8018819
8021330
7948309
8019490
8034707
8007693
8002257
8005938
8034928
8008588
8021481
7999049
8031150
8005400
8025523
8020271
8005898
7982458
8040780
8002125
8016422
8019203
8022118
8014133
8022342
8039669
8011936
8008398
8006913
8006110
8031802
7998529
7944608
8018379
8010335
8027691
8020325
8005371
8021180
8003954
8015251
8032940
8030937
8027767
7998124
8028142
8026757
8033375
8037192
8037479
8019199
8036110
8035673
8019239
7938438
8005977
8032044
8026713
8033134
8017518
8024889
8002546
8020376
8034168
8002834
8018306
8002461
8036550
8007664
7955444
8037307
8029242
8009378
8030913
8041301
8013507
8037817
8004708
8007349
8042257
8037840
8023881
8040979
8021568
7964851
8032610
8002543
8025992
8004066
8005916
8032404
7974318
8016979
8042861
8022137
8023168
8037098
8024580
8011415
8031358
8031445
8033919
8006120
8013253
8004179
8009447
7928692
8020064
8012578
8011206
8021355
8036296
8011644
7961621
7999649
8032537
8022501
8023745
8009242
8030270
7986459
7941690
8033608
8039214
8002020
8027160
8045068
8035663
8008466
8022479
8006733
8005393
8016205
8033943
8025324
8010454
8001322
8008097
8026774
8011296
8042187
8022070
8045791
7947230
8027278
8025335
8014448
8003035
7998884
8044375
8015928
8052319
8018861
8011927
8021421
8023219
8034920
8026903
7953111
8002652
8027995
8026794
8014602
8000714
8022152
8005802
8044939
8032330
7993205
8017097
8018335
8022111
8017624
7967108
8018580
8032698
8009123
8037292
8009505
8031189
8031041
8020466
8053043
7965360
8017142
8010537
8035848
8016670
8021231
8007538
8023657
8010126
8040184
8026054
8029517
7941177
8044094
8012661
8010134
8013209
8016621
7991179
8014384
7990395
8038009
8030838
8033501
8031641
8021234
8024259
7938270
8028477
8034060
8027320
8037651
8049586
8014480
8033319
8012857
8042850
8014123
8001410
8040038
8040307
8002470
7963484
8018348
8012475
8034135
8034932
8020837
8034397
8029044
8033222
8026723
8016302
8031678
8027917
8024477
8037097
8029137
8055826
8032657
7996240
8020293
8038461
8021421
7966498
8025665
8018045
8013972
7999686
8021437
7998651
8031971
8038494
8029517
8029036
8056983
8019162
8012602
8022779
7936832
8030103
8004005
8025397
8042435
8030824
8036855
8007294
8027628
8021300
8018482
8015711
8009575
8026221
8021530
7957933
8027771
8031061
8015366
8039592
8032074
8017728
8017412
8034197
8026847
8016622
8029174
8023515
8009738
8022004
8002492
8008283
8051963
8024940
8023462
8034546
8029759
7943686
8028225
8024226
8012520
8001794
8023931
8014143
7988402
8010626
8041886
8024797
8029407
8025920
8009762
8021193
7962141
7967920
8059997
7980699
8030355
8027202
8030424
8027615
8033221
8035401
8013990
8023721
8011552
8027892
8013114
7956912
8022071
8028628
8028616
8029169
8036511
8039600
8020143
8027366
8027454
8015411
8014537
7996047
8028998
7999724
8036267
8031482
8035805
8022020
8012177
8033101
8029816
7954426
8021014
8007563
7930823
8017956
8023686
8009247
8038373
8025657
8046797
8030846
8019298
8021953
8015196
8016388
7954998
8004211
8015885
8013044
8017981
8020863
8031342
8023532
8032582
8010246
8037174
8018377
8043269
8034254
8002663
7967640
7997693
8044248
8016507
8029367
8005467
8004606
7991264
8007682
8029824
8027650
8004728
8035413
8034340
8000434
8007192
8033872
8025560
8016439
8029526
8027509
8056113
7974422
8024932
8046039
8033790
8021837
8028604
8035537
8035691
8044206
8019467
8032482
8033398
8058953
8034991
8002080
7941109
8034404
8025873
8030629
8024323
8026627
8034019
8004989
8054116
8042361
8008501
8041013
8021281
8027363
8047337
7960011
8051411
8039214
8008707
8034729
8038858
8031830
7979411
8007767
8029078
8019720
8016043
8034349
8018019
8052359
8015740
8029430
7998724
7971424
8023425
8010738
8011790
7962242
8011159
8025326
8015935
8013647
8036888
8001977
8181577
7973407
7980500
8013306
8003033
8021885
8021939
7997235
7955664
8013294
8022566
8033452
8014357
7976514
8022153
8019259
8018521
8019854
8025395
8089516
8018372
8014396
8016574
7942345
8019693
8031640
8017100
8037633
8030182
8017973
8042922
8027676
8012247
7991336
8035745
8020499
8038682
8026071
8017496
8044205
8033239
8018759
8011523
8043696
8024142
7931640
8011509
8042575
8012243
8007005
8007699
8023544
8001330
8004922
8001831
8005892
8012402
8033179
8002020
7999222
7976865
8010118
8022816
8022807
8000873
8010202
8006472
7996400
8017412
8016504
8025121
8017934
8033837
8044641
8013314
7961280
8010463
8016839
8011353
8000201
8025199
8007800
8002793
8028463
8023480
8036608
8019827
8020975
8025547
8002450
8014781
8029982
8005994
8013078
7992487
8016610
8032877
7952158
8030373
8006518
7990263
8011255
8018352
8007260
8013579
8036670
8040931
8053265
8010413
8029514
8031472
8020048
7923989
8007544
8059859
7983875
8032647
8019840
8021386
8050265
8043216
8027196
8029419
8032977
8015299
8033660
7991497
7949666
8024464
8010424
8010503
8022563
8013302
8032643
8005566
8059103
8036385
7999127
8029270
8002977
8029038
8032857
8023566
8008927
8024041
8009351
8019259
8017912
8029875
7949139
8008964
8012651
8002782
8016293
8020194
8020334
8021665
8003788
8033457
8027319
7999643
8002579
8012656
8000672
7951226
8021975
8022258
8009953
8007784
8024948
8004399
7998995
8018905
8017987
8006346
8015631
8001924
7989110
8007274
7961890
8029653
8008554
8021294
8020993
8022925
8030192
7946656
8026512
8011823
8016948
7991211
8019045
8041905
8028102
8019911
8003314
8015971
8033262
8023243
8006104
8017124
7945451
8007090
8037267
8023735
8020904
8045871
8019883
8030519
8059273
8018359
8017117
8040266
8066219
8072523
8027181
8061258
8078995
8025766
8071844
8024946
8096873
8010753
8021209
8008660
8031075
8016303
8020152
8028166
8021985
8027163
8031026
8000727
8013720
8008925
8024564
8018188
7954707
8024299
8024159
8002243
8000121
7973591
8023904
8023608
8036331
8028395
8021665
8019409
8002956
8014369
8017360
7982898
8149253
8051814
8030941
8047641
8059887
8017014
8001492
8029574
8047542
8009944
8032138
8026414
8028406
7951317
8022728
8026914
8017566
8000496
8035322
8033358
8032424
8048465
8036383
8024925
8030915
8006655
8045797
8033425
7958060
8037013
8038370
8035128
8018734
8108987
8016445
7994663
8007486
8030841
7998732
8003383
8038155
8038580
8017658
8028819
8030096
8034851
8023604
8037340
8028806
8039677
7944180
7999962
8022679
7985243
8008049
8040580
8011963
8006610
8017408
8020155
8007661
8022450
8018817
8025623
8002782
7949953
8002872
8026812
8008683
8019407
8024937
8015964
8014655
8029315
8015333
8018700
7998187
8018076
8013731
7993306
7945653
8004903
8011685
8028625
8016590
8022826
8020598
8028686
8017932
8069137
8012027
8006458
8079322
7986730
8040634
8032364
8000288
8024739
8046559
8043837
8012024
8011720
8030675
8022028
8030316
8023121
8038397
8012369
8038607
7951976
8026659
8013104
8034426
8028343
8017966
8055176
8009480
7908025
8057669
8045990
8027061
8042202
8037257
8011139
7938330
8016675
8041796
8035514
8027396
8034464
8032909
8009587
8088811
8060068
7986257
8075562
8042198
8027156
8023386
8019759
8007935
8013846
8032261
8028909
8015935
8013830
7963298
8029043
8035707
8044425
8006321
14072466
13036574
11984825
10911755
9843755
8785786
8017313
8009230
8043160
8033586
8014115
8009192
8035670
8040063
8014601
8027794
8034008
7971136
8028507
8041834
7997021
8029105
8032785
8040448
7999717
8013539
8013848
8046502
8023317
8008465
8047488
8017733
7950892
8003912
8042984
8027640
8008769
8029224
8044829
8025878
8017880
8019923
8029401
7954621
8031178
8025080
8041143
8010544
8003492
8036476
8025804
8003884
8034937
8015024
7959456
8016331
7992105
8017121
8038882
8039651
8034276
8025773
8045565
8036341
8033245
8030970
8030375
8007996
8021778
7942480
8019524
8040101
7975235
8042888
8041511
8034814
7969972
8036772
8038803
8040201
8020687
8036277
8017620
8023146
7958688
8021238
8035018
8034260
8011694
8072096
8032064
8026136
8001545
8052460
8034677
8031965
8067916
8050466
8045453
8042227
8031264
8013147
8027398
8021053
8036403
8033582
8010962
8053453
8045798
7996512
8028711
8046320
8025802
8027723
7971389
8047316
8040778
8036924
8047660
8026980
8032883
7976610
8032221
8038910
8024408
8012066
8011219
8038918
8002747
8040727
8020556
8017788
8036352
8018324
8021892
7976069
7948752
8026922
8059494
8042564
8042590
8036893
8010682
7953343
8028105
8041865
7998223
8087219
8070430
8070244
7942519
8029636
8034863
8024766
8015443
8034428
8009242
8014265
8013666
8036728
8030746
8006265
8050114
8015128
8018596
7974505
8034659
8024469
8027021
8016006
8064784
8046188
8023881
8035458
8030870
7994783
8044320
8006229
8043710
7994623
7972523
8012954
8038524
8031675
7989908
8025002
8030504
8019004
8017481
8023034
8009106
8038076
8048656
8027446
8045367
8000731
8039769
8036273
8022089
8038346
8039887
8038179
7963989
8026666
8029994
8035291
8042789
8043749
8041303
8039654
8015727
8044637
8010437
8018999
8050897
8036731
8031218
7961849
8008144
8032095
8038781
8031697
8033461
8035136
8011430
8027648
8039757
8043352
8027379
8028374
8025055
8046996
8034421
8056717
8075467
8035342
8035000
8073874
8048210
8033201
8022287
8031566
8024605
8041379
8047249
8062964
7934244
8015854
8018949
8021328
8054852
8057877
8038991
8034952
8038812
8029043
8042348
8033221
8011327
8016878
8022836
7927869
8012685
8035099
8026747
8023733
8038051
8043762
8017066
8019299
8030295
8033280
8051363
8037072
8031187
8011308
7959210
8047785
8031202
8030014
8038473
8015349
8013669
8021159
8030543
8036811
8021598
8028909
7990415
8035547
8008370
8037986
8047679
8037826
8016885
8035370
8008822
8013707
7968076
8027406
8032820
8023585
8016137
8026193
8032472
8018937
8028825
8022754
8008317
8032297
8042577
7995762
8034217
7966318
8040623
8034273
8031501
8006164
8043434
8032344
8022107
8010256
8040020
8013490
8009088
8027488
8020520
8030990
7967716
8042696
8006836
7965260
8010810
8046917
8011781
8050042
8031741
8014857
8030661
8012567
8027844
8040338
8038274
8051623
8018382
8021480
8015784
8043738
8011838
8048060
7979838
8042281
8014682
8000396
8036048
8027852
8013219
8020555
8050517
8031108
8023072
8039569
8007497
8066621
8027863
8076654
8081905
8029830
8039238
8048369
8047447
8051337
7973017
8013122
8013227
8022588
8018338
8031980
8033583
8025843
8029185
8025793
8034772
8033408
8029421
8026006
8010250
7949117
8025843
8030478
8008292
8006510
8053431
8035428
7979170
8027762
8032346
8003043
8031004
8025308
8026079
8022334
8015025
8057106
8039049
8026311
8020332
8016173
8027087
7975888
8019652
8048235
8018802
8025098
8032509
8048131
8012230
8042158
8041686
8043166
8009758
8019557
8044598
8005366
7968934
8013336
8021636
8032821
8008817
8045008
8035853
8035171
8026219
8039239
8042741
8026016
8011389
8015777
8015014
7963911
8040123
8038301
8045082
8029393
8038625
8018027
7970169
8048404
7990295
8045375
8022632
8028449
8018305
8027774
8012728
8021981
8023558
8015612
8010278
8040784
8048431
7971100
8011797
8026627
8016367
8014166
8019245
8024286
8027777
8049631
8043253
8024180
8031229
8032042
8026268
8002302
7954588
8019380
8031853
8008138
8014886
8016992
8021031
8025947
7984061
8022098
8002380
8057295
8040192
8019052
7997013
8019042
8064369
8004524
8011396
8028515
8011339
8005776
7962147
8036348
8006142
8001536
8013248
8056460
8018327
8017975
8022615
8030272
8017743
8039896
8031657
8011123
8005307
7945880
8029044
8004879
8013010
8012366
8031060
8015509
8013190
8002405
8038275
8056726
8035312
8060061
8033967
7990005
7953377
8009293
8048038
8044231
8003428
8049010
8025658
8027571
8014235
8004491
8022789
8041245
8014758
8023184
8006677
7943445
8025963
8006844
8015034
8030566
7973315
8024339
7998852
8035755
8027962
7998715
8012300
8023579
8017091
8018104
8003784
8031164
8012494
8010978
8041284
8029852
8047114
7948243
8018611
8016421
8026820
8024381
8022160
8023076
8006790
8005040
8025138
8033190
8036466
8050303
8038426
8023508
7940320
8004487
8032010
8011648
8030692
7968353
8031591
8009851
8007769
8016185
8032500
8020791
8014639
8019612
8028878
7945914
8038242
8035240
8000634
8026171
8039830
8033960
8008672
8018709
8008824
8021941
8025672
8013922
8031171
8014716
8031959
8020101
8028959
8018899
8027120
8036909
8028631
7958930
7999254
8014816
7992444
8030831
8018527
8006586
8018073
8000759
10246569
9200556
8145907
8070748
8075630
8024795
7957960
8009536
8017392
8036615
8041530
8014095
8057052
8009698
8023772
8021612
8012232
8012896
8034098
8012228
8011204
7953109
8020529
8026471
8008941
8007313
8037677
8036868
8001349
8016404
8026969
8025433
8016432
8013003
8036688
8050778
7957273
8024557
8038523
8040057
8020772
8041688
8015699
7965865
7991951
8031581
8017624
8030409
8033690
8044191
8007921
8035649
8047258
8052953
8026537
8013987
8037166
8034102
7950657
8012358
8025338
8020639
8047910
8026262
8035674
8006402
8038402
8028790
8047285
8020027
8016578
8047723
8005794
7953335
8027377
8052819
8020112
8014309
8014467
8033071
8022104
8021838
8015184
7986168
8045271
8006313
8025790
8015077
8033055
8020220
8022670
8031829
8007818
8020543
8023962
7954208
8019502
8047580
7997448
7996283
8036795
8064719
8009739
8007655
8036872
8001296
8011336
8029787
8036839
8003499
7945463
8042246
8005616
8017172
8032365
8008014
8034844
7991960
8020516
8015825
8022236
7972817
8002666
8022864
7991467
7977101
8016553
8031645
8021852
8010547
8055608
8020930
8010009
8032857
8040608
8000057
8006416
8037711
8028349
8039010
7951892
8031332
8049876
8013540
8033029
8083765
8011275
8004216
8034384
8009278
8011520
8028820
8042272
8027519
8035195
8020330
8030615
8043999
8002672
8011391
8019838
8021652
7948234
8042995
8005801
8031474
8038927
8035667
8040838
8042558
8018312
8011573
8041726
8025085
8024174
8031240
8006799
7957656
8004911
8031007
8008314
8010424
8022705
8046830
8035475
8036616
8037809
7998209
8028452
8015291
8019058
8026337
7948909
8039950
8026409
8022279
8045029
8010023
8039405
8031962
8028226
8040998
8032796
8007006
8031963
8037849
8046894
8034533
8039967
8007612
8038482
8017959
8044506
8014208
7962851
8012327
8011692
8017896
8037283
8016858
8040741
8028919
8034107
8035309
8011314
8025327
8028409
7989790
8013081
7961952
8027685
8026967
8016707
7997765
8034055
8041234
8022117
8030426
8027618
8031336
8041025
8032058
8034500
8016546
7939672
8004752
8025279
8030972
8006238
8042156
8008087
8011218
8016507
8043033
8021361
8998376
8014009
7981231
8043299
8039148
8042315
8037318
8032701
8018900
8014186
8038952
7964552
8037976
8013909
8023353
8019799
8043518
8044076
8037795
8037457
8057822
8039036
8033172
8033192
8026212
8018705
7944218
8041611
8051374
8032764
8005984
8066689
8036329
8010283
8033403
8031845
8032715
8025411
8028092
8046305
8045142
7953885
8029926
8012895
8014666
8196463
8048820
8037937
7936568
8029556
8030510
8003853
8061592
8013470
8047026
8018979
8037167
7978943
8027209
8042499
8045003
8043428
8049897
7982405
8002008
8042497
8040995
8042354
8037508
8016152
8030010
8024758
8046406
8027217
8042523
8031937
8043366
8022193
7973681
8025933
8020448
8023087
8042332
8016515
8027908
8056169
8026383
8037001
8044674
8042764
8039680
8015640
8039974
7952009
8062655
8044131
8046354
8037520
8037430
8020036
7997091
8013700
8041426
8031993
8019887
8048144
8027249
8034425
8035691
8087666
8053018
8091179
8013039
8087228
8039746
8041512
8038642
8006263
8049792
8052623
8017008
8011548
7973499
8040167
8051289
8047888
8024050
8004272
8047255
8014441
8017244
8023581
8016910
7998790
8049126
8020083
8011856
7969560
8035264
8027368
8032529
8025979
8066542
8059271
8030365
8037490
8063455
8010203
8047064
8045655
8063123
8032178
8016980
8063356
8042838
8013946
8035343
8031248
8025147
7967937
8041988
8029884
8019715
8008554
8050465
8027967
8039770
8046479
8045914
8046666
8028724
8041914
8033381
7997443
7967003
8018220
8046351
8040848
8036049
8047063
8040403
8031584
8018748
8046011
8028200
8023674
8047915
8043746
8056738
7966646
8046573
8049226
8015578
8032424
8119840
8038946
7987794
8033954
8017341
8029749
8021956
8046651
8055757
8037476
8036846
8070612
8035183
8006262
8047320
8025866
8034995
7951517
8046926
8052131
8022656
8039792
8044976
8038093
8037906
8069426
8045081
8038529
8037042
8018892
8030570
8029703
7966607
8049735
8044907
8040948
8042569
8042804
8036676
8045702
8032563
8030268
8041206
8008977
8036479
8034467
8039740
8044984
8061679
8050393
8047335
8042366
8046623
8022837
7972442
8057769
8040230
8021965
8040293
8017242
8039309
8039116
8027706
8037430
8041190
8041042
8022172
8038154
8006961
7950173
8013014
8030948
8052177
8051826
8046911
8048464
8020786
8076575
8050853
8033076
8046167
8054721
8051920
8033772
8015407
8053310
8045662
8027094
8032076
8024790
8012052
7960010
8026663
8033803
8000877
8037589
8011052
8048199
8030617
8032034
8033719
8025709
8020595
8016999
8033793
8017751
7947709
8040810
8036936
8024041
8018565
8039088
8021481
8037629
8043559
8029044
8009383
8005431
8033565
8034011
7995658
7953283
8029400
7978181
8027098
8025314
8036482
8027363
8025155
8038396
8024944
8016768
8045480
8048665
8021192
8051298
7971326
8056990
8023696
8020087
8017054
8027138
8062022
7981697
8045704
8019732
8026514
8033533
8032253
8056386
8017617
8057213
8043968
8056305
8041209
8037950
8037079
8047614
7961499
8053485
8045010
8006944
8050672
8019699
8022894
7999717
8040243
8040659
8032499
8038980
8054394
8016533
8000452
7942618
8023306
8055280
8032342
8032552
8042194
8031001
8021613
8021316
8030503
8030256
8025263
8026994
8060233
8034769
7961220
8032341
8034903
8032794
8039050
8049802
8029861
7970184
8032678
8034195
8022520
8026866
8042822
8044966
8038632
8032786
8026492
8015608
8027411
8036190
8025040
8038244
7980945
8042744
8037863
8046037
8037768
8047694
8052651
8043176
8047633
8028214
8055166
8045876
8048494
8042023
8043348
7988322
8028541
8034123
8043519
8055413
8049408
8016258
8023642
8023660
8016619
8017069
8042171
8038244
8046470
8028005
7946531
8057552
8068352
8050613
8054091
8022110
8020927
7971695
8036105
8020059
8011464
8018468
8036053
8034297
8029135
8032892
8015098
8035739
8031851
8043507
8034842
8014877
7950506
8047522
8031761
8010947
8015987
8034661
8017617
8035963
8032539
8030659
8032493
8045535
8018610
8034565
8008934
7978215
8016731
8029124
8040726
8027126
8038332
8017703
8026569
8046687
8035643
8025615
8043183
8019314
8048231
8022838
7963018
8036763
8044545
8023443
8046428
8036666
8037547
8618359
8049409
8039445
7998690
8041938
8030102
8044713
8044756
8039774
8006365
8039979
8041993
8033804
8017997
8043580
7948258
8022704
8016503
8008325
8035626
8027587
8044918
8021848
8014194
8018799
8045752
7984879
8046397
8042273
8011572
7994592
8036123
8016914
8041543
8023688
8030473
8030029
8017531
8016135
8030256
8002942
8029704
8021916
8028792
8260686
7967452
8034510
8032410
8042671
8008428
8009254
8005326
7967662
8010025
8008805
8002456
8020605
8029421
8015150
8014930
8021464
8014219
8014008
8029298
8020278
8724775
8028944
7953043
7991029
8015705
7995245
8005504
8016045
8022782
8041411
8023425
8017875
8001400
8048471
8028611
8002971
8037198
7935980
8056951
8012726
8035056
7996763
7983704
8037563
8038452
8031340
8032592
8015830
8039654
8029974
8053154
8017579
8015403
8025342
8020461
8022777
8026203
8029112
8025438
7952072
8010464
8010998
7999451
8033420
8016646
8037392
8025918
7999992
8036467
8043214
8029689
8035683
8026642
7998018
7945128
8001277
8018383
8032992
8010124
8066317
8023822
7995903
8018819
8009488
8027922
8014960
8018964
8028702
8005102
7961229
8012230
8024367
8017508
8005608
8011963
8009589
7973064
8017654
8019697
8000472
8022750
8005159
8013475
8004189
8007011
8052910
8027213
8019364
8038004
8016402
8021987
7950504
8005107
8034815
8022249
8030838
8026047
8019445
8021325
8030532
8012369
7981439
8032498
8032770
8032422
8029022
7963729
8031238
8102423
8007600
8015739
8037738
8030034
7971109
8031653
8025819
8013123
8016940
8011325
8007418
8011581
8022178
8031727
8029469
8012641
8034808
8008336
8007024
7962437
8028311
8046655
8012864
8043084
8040005
8034388
8028128
8034355
8030513
8040617
8026021
8028527
8053440
8003418
7928121
8031051
8037982
8037651
8029761
8022747
8013944
8037576
8025734
8019133
7974463
8030801
8036110
8032423
8019652
7999356
8038855
8036627
7997422
8029432
8037184
8010001
7955941
8006130
8025791
7998275
8032847
8027644
8026683
8030252
8000575
8039060
8012542
8024795
8032066
8005574
8012474
7963261
8048087
8033438
8019221
8025583
8041772
8030457
8029360
8005426
8022700
8003497
8038266
8007676
8028015
8010012
7963539
8032777
8003444
8004818
8016101
8027845
8028095
8015389
8007843
8037236
8018909
8025874
8011671
8025091
8006089
8017700
7984427
8034903
8021707
8021328
8032573
8008576
7951060
8020670
8026109
8018440
8024547
8027671
8034342
8007445
8024686
8029469
8034186
8029609
8025038
8028019
8000491
7975772
8013311
8018749
8006600
8023420
8025476
8028659
8000445
8025089
7985322
8022198
8006633
8000911
8009218
7992350
7957437
8036442
8050283
8027678
8008172
8027384
8027158
8001927
8011846
8003387
8021854
8010760
8011889
8025243
8023524
8031132
8023456
8010872
8022261
8009814
8011424
8042608
7964195
8022319
8031016
8024216
8035154
8034858
8073150
8028878
8024136
8039749
8000524
8057142
8045135
8025218
8022090
8009064
8023905
8022039
8023927
8027655
8008037
7999943
7991983
8025975
8043022
8030437
8013071
8008892
8011392
8020100
8029666
8006676
7982538
8018589
8024963
8025051
8032546
8034891
8012307
8044564
8004315
8028486
8011298
8027094
7922691
8032174
8027212
7984616
8036428
8007142
8026616
8031985
8022512
8018910
7995708
8029276
8008024
7998707
8016207
7967373
7970313
8025590
8026393
8005896
8021492
8012683
8022921
8006899
8015933
8030323
8014087
8006525
8004049
7986678
7968304
8037760
8023690
8019870
7940754
7996466
8013089
8014065
8005957
8028823
8038752
8021044
8013341
8027438
8031339
8020055
8040588
8022965
8030228
8033213
8044139
8046665
7953619
8007533
8027760
8030670
8015206
8021785
7991557
8048152
8017760
8011285
8028960
8014877
8025259
8021657
8007153
7919604
8023944
8024518
8015997
8038908
8054613
7999522
8026498
8038210
8024957
8025370
8005409
8034527
7988355
8027846
7948163
8013723
8002671
8024933
8027802
8033324
8015660
7970945
7999504
8005408
8030499
8011487
8027724
8013978
8023478
8031162
8056530
8021253
8009824
8000945
8010568
8035598
7941504
8024423
8013613
8017670
8028551
8010311
8030283
8033381
8032379
8022411
8014262
8011909
8004412
8014585
8021441
7944525
8025236
8040020
8020802
8042121
8050674
8022068
7957229
8009931
8018645
8013586
8012210
8031755
8015213
8016925
8008946
8033581
8032343
8000989
8002786
8035369
8030950
7961912
8009970
8013319
8012160
8028987
8009231
8097333
8035857
8036172
8040033
8020417
8036096
8032896
8019554
8029290
7971210
8043209
8039185
8023777
8022567
8016799
8052600
8032207
8037590
8022831
8028007
8030862
8033787
8043416
8017033
8031506
8035372
8042794
8042407
8028208
8021550
8041979
7955295
8044245
8054219
8004212
8057872
8061030
8041947
8041796
8043682
8046166
8022016
8056845
8036017
8051919
7999561
7942385
8025573
8011099
8017887
8013075
8048259
8043699
8009428
8058063
8040105
8049510
8017612
8022246
8041481
8031210
7958818
8043777
8034907
8031706
8037409
8015717
8043459
7973859
8031489
8036744
8008094
8017042
8022474
8021546
7989711
8039492
8033928
8010441
8021679
8021343
8029884
8041499
7949572
8032232
8034053
8014199
8017990
8033773
8002358
8012268
8031552
8025937
8022450
8025177
8018307
8032946
8010583
7957197
8028766
8016397
8025709
8017969
8056851
8029122
8017837
8017469
8028029
8029071
8005901
8033763
8016982
8023196
7940796
8055673
8010284
8028647
8016217
8035876
8036565
8014641
8033177
8043904
8007315
8038632
8024563
8024334
8012117
8043310
8025589
7987932
7999507
8034221
8002174
8024375
7960098
8041422
8051731
8004286
8038191
8048264
8016669
8037586
8015280
8029622
8011260
8018343
8033680
8046855
8039748
7967590
8174936
8048322
8023991
8024137
7981771
8021409
8019318
8020168
8032905
8027830
8030670
8023323
8028613
8012239
7993578
8020579
8032254
8021493
8009807
8032435
8034839
7963968
8008616
8026587
7999782
8020228
8022639
8008566
8026183
8018155
8042213
8026421
8009898
8036012
8020325
8018627
7958332
8018647
8034405
8026045
8025091
8032990
8037528
8044025
8080021
8033348
8033115
8032378
8016751
8041800
8028438
7993968
7998632
8020851
8053960
8059025
8065889
8015220
8020353
8082588
8078643
8061884
8067004
8026031
8017362
7980898
8071850
8044326
8040169
8036562
8046688
8011054
7986531
8040568
8027955
8018693
8016381
8016064
8042018
8027528
8048732
8033870
8031954
8013672
8035254
8031441
8030854
7941716
8034404
8071479
8019007
8045590
8019608
8012918
8029330
8023432
8030720
8024573
8020617
8025931
8035052
8022878
8002627
8020143
8050123
8011391
8033842
8030175
8020902
7963552
8021546
8019105
8012428
8040927
8025361
8037290
8019848
8020635
8019144
8015787
8014861
8042495
8045077
8018488
7956341
8047233
8047322
8011132
8034369
8035571
8019576
8027145
8011875
8036861
8023906
8044860
8028597
8026686
8031481
7972207
8021868
8045479
8029671
8022321
8036352
8031292
8041720
8006570
8028564
8026118
8014314
8011930
8020955
8048319
8011858
8023801
8044094
8022095
8058227
8014429
7999463
7970252
8039076
8024471
8015645
8032012
8017771
8029479
8037513
8022671
8024955
8019224
8011814
8020686
8018353
8036707
7943627
8039184
8047946
8028962
8032004
8071668
8060624
8012108
8063433
8066788
8036738
8027611
8021561
8054268
7969962
8024969
8017478
8022254
8008592
8021573
8046162
8016424
8063429
8021715
8000471
8018463
8048957
8023892
8042183
8031796
8039609
8014251
8043525
8034534
8024281
8031525
7964529
8054710
8023043
8017076
8028452
8036600
8017482
8046151
7985932
8020743
8004591
8013401
8024733
8034090
8035510
7964677
8021813
8046203
8028140
8030732
8030071
8047228
8016866
8032572
8016430
8010947
8016289
8032699
8011643
7997511
7949916
8025929
8016997
8031510
8020714
8025730
8011889
8053877
8027041
8030125
8010659
8023419
8011073
8017230
8036187
7948442
8029836
8025328
8015891
8030092
8022783
8021362
7965242
8017583
8016856
7979977
8010197
8045318
8021754
8005423
8015770
8048440
8033964
8026093
8032138
8037420
8054642
7970487
8016398
8053238
8044656
8024340
8049184
8007474
8041804
8023882
8054506
8017402
8020104
8025272
8051914
8018945
7975007
8014367
8025624
8011003
8011263
8049115
8025930
8016480
8038225
8024517
8026975
8014390
7998757
8047599
8005945
7933199
8056701
8037023
8023568
8030015
8023145
8035097
8010035
8015725
8038260
8010543
8028190
8044343
8047280
8013635
7983335
8067802
8044217
8052975
8016179
7998740
8052611
7986047
8054011
8059227
8034210
8033107
8027329
8072010
8000330
8065798
8019234
8021109
7997455
8052619
8018624
8016117
8025357
8028081
8007663
8024743
8019788
8044704
8011986
7966290
8017641
8043221
8030025
8041458
8043797
8027519
7961822
8029310
8041360
7959958
8031483
8022254
8017481
8009565
8025318
8006684
8010877
8011760
8004398
8044418
8026365
7974129
8028330
8049191
8036336
8027103
8042574
8027792
8036839
8050685
8038944
8030232
8019623
8020723
8053094
8015265
7976144
8049994
8026532
8033197
8039707
8035588
8049161
8040206
8031203
8031193
8021382
8028923
8013267
8017720
8038868
8015359
8067387
8002719
8034352
8023992
7998686
8053978
7963605
8038482
8016946
8047483
8020394
8061109
8042055
8018239
8031797
8055751
8042325
8049686
8018608
8035478
8021677
7972873
8012561
8050299
8022698
8041635
8042633
8018686
8014590
8024457
8050485
8015322
8030019
8037345
8051570
8011899
7968527
8044368
8030928
8017734
8036005
8054042
8012970
7983116
8017726
8026040
8014212
7968486
8047053
8020192
8013434
8023314
8054570
8038116
8044405
8041733
8018201
8036115
7958435
8047771
8023822
8033463
8040302
8049365
8037011
8043785
8017158
8045269
8021541
8013595
8021520
8036301
8009374
7964692
8042378
8037916
8042134
8013837
8049802
8021853
8040571
8039943
8039219
8028613
8038178
8017951
8042243
8021748
7959647
8038886
8016264
8043043
8062813
8045493
8044257
7969220
8040210
8045874
7994943
8029977
8022522
8025112
8042800
8016463
8044732
8033975
8027912
7996886
8017521
8045575
7969952
8016379
8042636
8011745
8048065
8061902
8031252
8033738
8015003
8015225
8041448
8036051
8026695
8045919
8045943
7981725
8032632
8040684
8051991
8052701
8070602
8056404
8041770
8030705
8009729
8040590
8035682
8017001
8022443
8034450
7988782
8053755
7964176
8005545
8056028
8039293
8038724
7969738
8050684
8045354
7999267
8031082
8039428
8009337
8011448
8033336
8030927
8010963
8041311
8010962
8025878
8012079
7941701
8050786
8052543
8042516
8051476
8068891
8063322
8058060
8015358
8043427
8032674
8037421
8014876
8026540
8016746
7984913
8043381
8018081
8021054
8081044
8041974
8013157
7977482
8040687
8037331
8050487
8038515
8034744
8036375
8021820
8036831
8020954
7998277
8037555
8029825
8040350
7998972
7957522
8056172
8012150
8022725
8026444
8038456
8022978
7980663
8017058
8042932
8001747
8033477
8020929
8045853
8049000
8045749
8036569
8023236
8027094
8030618
8031308
8021846
7956465
7982299
8046550
8028933
8032349
8046871
8044849
8014203
8039991
8038166
8031888
8009678
8035254
8030642
8015753
7955677
8022282
8070168
8030648
8041917
8074982
8017756
8011062
8042693
8041571
8021001
8038303
8032687
8017606
7978708
7935860
8038750
8059702
8032083
8029582
8016151
8020633
8004086
8036722
8016840
8022603
8032503
8019788
8022850
8034812
8038508
8000574
8054897
8004207
8006454
8043598
8048024
7971150
8056432
8045951
8037646
7988463
8030783
8046671
8030561
8015922
8051008
8045379
8044803
8018988
8045941
8028656
7967889
8027095
8040363
7962375
8022190
8012084
8029085
7969636
8033631
8016633
8006407
8022012
8020625
8054336
8048160
8042061
8034038
8048367
8038515
8009381
8023227
8037359
7952813
8041959
8051487
8006362
8030569
8048722
8033238
8008753
8026956
8015086
8030273
8012688
8010798
8035785
8008828
7959732
8038429
8037270
8010322
8023255
8017942
8023266
8022194
8023649
8027449
8016720
8005166
8016105
8020630
8013229
7942787
8014256
8009390
8024702
8024035
8034355
8025611
8032437
8014307
8032639
8025888
8607857
8042689
8020511
8030260
8030024
8017346
8030531
8033031
8008301
8024553
8028459
7924078
8037095
8048093
7996890
8037281
8002072
8036170
8030549
8017040
8031797
8043700
8023573
8040319
8044029
8029601
7953783
8036324
8028182
8049097
8030576
8034983
8029573
8046260
8022272
8022899
8032798
8008569
8018383
8018578
7980728
8062998
8074349
8064099
8083631
8024784
8079376
8048778
8028777
8050033
8045250
8001844
8027740
8021833
8013960
7947750
8009191
8028357
8019212
8026925
8066630
8025236
8011939
8033290
8031839
8017049
7977727
8029663
8020024
8028736
7961489
8043851
8020128
8020475
8032369
8034206
8016149
7966717
8022199
8031310
8012852
8042047
8022205
8028959
8020432
8027890
8050988
8023430
8028346
8053770
8023177
8012234
7951246
8029429
8039244
8039250
8036533
8036151
8027231
8031842
8043614
8048958
8044169
8029619
8046318
8033598
8013297
7986808
8047654
8035549
8023007
8032233
8036962
8048326
8042607
8071908
8044281
8053361
8030535
8035829
8027488
8020535
8018385
8038275
8035485
8050772
8072927
8034763
8045399
7945980
8033071
8052620
8037189
8026455
8035556
8012577
8011753
8018320
8022508
8029839
8036082
8011456
8030146
8033793
7981459
8028297
8032610
8015615
8025174
8012503
8011017
8010556
8028685
8027335
8021090
8010962
8029339
8030420
8018340
8025583
8023810
8019013
8022081
8020788
8019355
8027707
7951148
8028675
8027906
8009926
8017344
8027181
8031366
8047424
8018605
8039450
8031031
8038166
8024162
8053443
7998446
7955455
8017622
8034524
8014222
8000219
8047656
8037088
8041315
8023120
8022324
8019627
8051019
8022749
8034010
8025484
7965091
8033352
8038392
8038740
8033099
8047545
8021531
8025134
8024719
7991585
8013158
8041324
8039132
8021708
8013739
8026744
8038504
8027005
8042065
8014357
8030169
8023302
7958375
8033169
8025238
8018887
7983952
8010120
8024407
8031802
8027117
8023461
8024579
8024147
8071303
8029641
8024155
7959521
8031967
8041383
8026440
8023628
8024990
8021183
8018498
8026761
8005420
8024832
8012647
8022758
8040219
8001295
7951456
8013006
8027215
8015312
8003626
8028374
8031410
8006423
8035700
8035487
8038078
8018869
8042720
8044892
8023919
8014239
8052463
8013778
8006356
8032681
8036589
8051484
7969668
8015084
8056175
8036579
8043127
8038739
8018971
8044933
8031193
8042952
8025760
8032776
8037845
8040258
8029821
7980221
8021505
8010866
8020562
8013022
8028927
8043437
8024828
8052952
8041917
8023798
8028147
8028911
8039991
8021307
7961937
8021596
8030476
8019236
8026717
8033857
8022510
7969079
8021460
8030638
8012096
8018292
8015606
8014340
8007553
8031370
8043041
8030833
8026487
8006660
8014690
8031552
7944260
8018397
8024228
8007900
8028861
8027502
8021888
8023079
8028163
8016529
8022818
8010799
8013409
8028682
8010786
7975687
8022166
8082287
8017742
8044644
8011326
8021834
8017377
8036057
8050805
8024752
8013654
8022763
8037611
8038073
7980320
8021179
8037555
8034694
8020322
8041582
8037722
7988431
8048249
8046341
8018892
8059741
8038226
8038182
8032477
8031795
8052570
8046064
8000068
8050796
8035899
8066292
7969644
8015501
8026301
8022135
8046006
8044204
8041515
8023923
8024790
8051961
8032602
8040014
8017352
8047485
8003990
7986648
8035621
8067066
8031037
8029425
8034665
8062615
8013836
8042753
8037923
8031344
8021375
8010665
8045697
8021690
7973684
8027530
8046224
8014911
7999612
8048331
8017787
7968306
8047270
8035324
8022607
8025750
8021295
8033057
8055977
8017190
8046981
8015817
8018859
8041818
8038783
8041703
7963963
8012925
8039885
7997130
8037773
8059889
8042854
7984265
8027453
8009798
8040912
8034709
8035870
8035944
8023370
7972775
8039065
8042828
8019159
8037123
8056258
8038764
8038026
8012268
8033700
8040507
8029514
8039746
8036163
8035359
7952190
8016560
8023924
7993882
8018586
8036196
8029908
7973059
8037227
8055071
8012313
8023576
8044397
7971386
8012475
8032464
8065009
8014293
8030230
8035788
8022174
8037492
7933399
8034464
8021147
8031599
8035769
8040182
8035229
8038976
8043077
8039675
8027159
8023081
8040290
8029542
7998750
7969173
8042904
8032711
8017519
8027274
8069898
8029927
8047796
8035859
8052770
8037642
8040131
8043597
8023615
8005393
7940016
8038034
8002011
8042465
8035103
8045079
8027326
7982967
8003554
7996963
8016957
7999460
8005146
8037554
8043212
8022425
8071984
8049235
8053768
8025400
7965843
8037016
7950950
8049343
8035568
8035172
8008842
8053299
8023226
8033644
8040810
8049456
8038745
8031855
8010573
8042898
8008654
7969494
8041732
8033165
8032453
8008546
8060064
8025612
8037970
8032587
8016280
8053275
8026818
8033734
8059421
8029821
7958185
8048102
8020684
8011287
8028345
8061738
8044220
7975286
8030169
8014241
8012889
8023378
8031489
8051825
8006501
8020686
8042727
8010469
8012236
8022533
8038385
8042006
8015854
8010978
8038468
8031770
8020965
8010097
8043246
8026741
8039597
8009954
8005527
8084172
8030119
8072649
8037709
8088109
8127701
8031594
8079318
8048981
8031380
8035104
8004089
8045695
8044964
8038929
8033996
8034142
8012539
7936325
8011424
8046477
8036413
8025745
8017331
8035918
8024129
8025767
8042286
8024462
8065435
8050081
8039979
8024368
7993196
8057471
8014378
8016672
8034425
8018599
8037179
8021535
8000813
8015336
8030497
8014591
8040361
8045852
8036093
8033020
8055503
8052032
8022931
8059556
8028617
8033429
7947979
7995849
8032426
8031433
8039860
8058157
8028436
8011001
8014045
8037620
8032755
8028882
8015978
8032554
7996235
7960244
8019339
8027674
8042715
8033561
8032711
7999481
8042247
8032290
8035472
8041063
8037940
8028814
8035429
8031300
7955873
8033805
8046321
8020052
8023839
7979909
8043476
8037201
8026389
8047060
8030538
8025290
8037637
8019286
8013234
7966053
8026306
8039395
8029434
8010215
8046046
7995193
7960510
8018053
8075676
8028347
8036937
8033459
8004261
8032359
8002775
8054745
8041681
8047241
8025297
8016177
8025222
7977986
8033938
8021018
8015908
8064997
8033538
8045303
8015493
8009073
8043296
8057820
8120548
8060131
8059833
8038555
8065622
8064269
8043174
8028866
8063422
8006120
8023637
8005558
8015757
8028769
8049485
8031854
8037653
8040165
8009175
8035634
8021936
8036600
8030585
8036090
8009991
7946590
8018137
8035712
8022752
7968689
8052883
8035929
8060106
8019918
8095581
8100821
8018107
8011960
8025000
7994068
7977116
8008306
8034249
8037720
8041972
8019504
8013472
8020493
8047234
8035032
8032299
8016595
8017035
8032873
8023502
7956781
8037345
8014032
8011255
8012745
8029580
8032341
7984688
8013095
8036688
8010229
8058871
8019590
8013033
8013632
8021601
8035237
8027117
8025283
8019998
8030006
8014673
7949966
8011541
8062961
8030427
8017253
8037472
8023882
8014794
8009170
8010703
8029085
8009105
8027110
8020346
8016371
7979662
8051800
8016450
8017617
8043448
8033289
8007050
8039061
8052823
8037555
8023959
8044797
8055484
8026524
8027316
8033673
8012084
8031167
8037790
8014351
8019608
8030028
7957946
8009329
8022271
8039757
8037218
8043014
8037686
8024111
8042608
8037329
8035066
8043110
8039537
8018410
8000555
7967154
8036012
8088879
8034069
8029416
8032988
8029269
8014067
8035804
8030731
7959546
8015383
8027859
8000203
8059254
8024560
8021506
8022897
8048936
8057522
8035610
8017351
7952355
8017652
8023239
8018471
8009819
8036395
8026156
8017485
8053988
8018485
8027254
8012333
8009424
8013637
8030510
7956745
8021025
8029296
8032228
8049178
8034951
8045833
8043755
8053861
8040505
8038322
8003955
8008667
8032567
8023256
7981179
8013197
8038597
8028007
8022599
8008362
8022006
8013481
8003802
8043033
8012427
8036046
8021144
8026479
8037985
8009562
8014088
8032472
8041243
8017761
7995161
8030643
7991145
8008357
8047115
8006022
8010651
8033005
8046532
8024095
8009274
8033783
8039709
7971710
8008028
8046871
8013707
7961895
8029669
8023337
8010420
8014949
8038234
8049678
8039537
8026182
8026890
8018225
8030037
8030736
8037348
8014241
7962508
8018689
8019242
8034102
8018347
8033789
8010299
8017123
8017296
8025947
8015118
8018556
8023683
8036674
8042463
7965274
8054675
8021333
7993737
8036552
8020301
8032179
7987905
8045004
8038430
7985933
8018185
7991580
8023578
8010672
8037944
8015928
8045089
8014217
8054838
8027549
8065078
7985096
8042814
8047862
8037148
8042838
8039929
8033629
8030378
8037095
8040124
8005499
8065904
8041437
8047540
8001394
7957922
8028021
8028266
8030237
8022716
8029478
8037148
8034767
8020054
8017728
8024207
8028604
8015145
8012159
8011946
8009339
8029200
8027640
7985154
8024097
8011898
8024585
7949943
8037633
8033407
8034117
8025587
8027266
8034224
8021473
8024184
8031878
8030550
8004409
8028449
8018215
8011347
7934106
8048405
8041085
8017616
8042927
8027169
8049968
8012007
8036581
8046450
8009442
8017234
8012049
8032467
8014417
7968967
8016954
8044262
8030518
8043655
8015279
8044129
8049235
8039481
8056360
8006821
8039510
8037966
8022422
8045876
8026715
8057283
8040071
8047361
8046014
8024447
8049311
7946164
8054607
8035555
7996752
8023070
8026485
8033533
8016010
8012164
8037476
8017683
8019368
8026293
8036526
8013069
7953408
8016787
8027304
8019695
8022386
8037589
8014234
8028087
8028172
8023349
8016164
8043117
8033573
8016825
8021960
7949450
8047667
8022628
8005043
8012968
7979920
8015961
7992713
8032397
8040352
8025888
8017435
8032571
8031196
8022981
8041738
8021771
8045334
8024096
8019009
8018117
8032418
7973157
8033674
8025630
8024921
8031387
8028548
7999338
8020452
8056398
8013855
8045786
8060394
8046413
8038210
8029993
7963026
8060047
8054490
8037264
8005698
8012952
8033981
7998061
8034702
8074827
8034073
8046808
8010775
8020847
8024838
8021585
8068335
8040421
8028975
8021412
8028512
8027550
7965051
8016029
8060280
8047932
8024099
8062240
8046608
8025875
8053506
8018577
8039757
8021502
8041335
8034914
8006546
7964380
8033685
8025199
8039780
8040332
8011148
8038698
8022938
8010079
8037878
8043017
8030664
8062240
8014374
8026358
7954718
8027634
8051091
8004243
8020497
8034319
8044404
8014363
8028480
8033224
8026647
8056371
8033489
8021069
8035349
8053561
8054173
8035951
8052893
8030810
8018677
8035952
7957359
8017633
8044361
8016065
8023386
8046746
8036296
8024799
8036492
8050175
8046565
8019952
8050457
8034163
8024299
7957139
8016591
8035096
8039399
8006711
8019850
8048136
8040249
8030907
7983695
8004058
8056810
8062267
8036469
8011918
8031135
8059382
8050102
8045615
8020391
8037900
8053499
7988921
8013570
8031886
8025477
8041126
8041573
8020219
8059695
8006915
8048672
8040200
8040188
8058908
8022335
8012701
7937361
8043442
8039570
8024472
8015433
8024364
8018791
7974137
8028983
8028009
8031857
8047444
8041285
8015952
8092935
8042357
8022958
8045205
8045281
8020804
8053825
8037563
7967035
8019033
8041286
8118154
8030776
8047744
8034266
7993712
8048208
8034079
8019416
8040481
8038749
8044002
8056768
7951559
8031628
8021840
8033193
8042534
8032562
8044090
8023505
8021929
8041163
8031487
8025503
8048887
8061281
8018091
8015762
8055706
8022858
8049748
8076801
8044919
8034450
7972074
8011962
8030692
8044049
8019571
8042881
8049693
8061039
8000751
8033644
8063161
8032582
8023871
8047182
8002018
7974385
8021390
8036400
8051103
8042212
8050519
8036519
8035501
8019162
8036124
8036742
8062809
8015295
8032462
8054619
7976803
8037372
8053084
8067353
8025570
8016592
8024469
7973491
8016744
8046385
8035791
8033725
8042887
8056917
8015152
8054463
8064652
8072035
8024388
8021442
8029425
8036720
7959242
8034384
8035874
8047966
8055816
8040849
8024846
8023863
8035471
8057673
8025495
8055663
8045807
8057087
8009693
7961097
8019070
8044596
8045208
8018580
8028361
8033374
8046321
8029572
8025224
8022736
8018775
8029977
8050560
8052589
7980030
8070243
8053233
8030321
8028999
8024336
8051197
8048914
8042994
8044801
7977223
8019537
8007886
8049627
8020917
7980998
8024746
8053525
8000678
8044429
8053085
8043121
7973302
8029607
8045580
8008894
8025431
8075283
8049618
8040521
8052150
8047794
8050872
8017038
8053172
8050424
8024402
7939445
8067907
8036909
8036851
8024306
8021836
8026645
8053702
8052049
8062764
8045376
8040355
8048001
8022389
8034435
7949985
8023761
8021877
8021350
8025462
8052547
8037161
8027757
8062890
8049937
8053361
8041199
7985205
8061633
8027571
8033370
7990119
8021690
8035007
8045991
8055634
8039991
7979459
8054919
8020839
8035249
8047814
8069828
8023260
8043355
8048343
8047483
8054700
8039628
8023395
8049378
8026604
7949637
8039051
8049169
8035620
8018126
8069452
8037648
8022682
8030879
8031239
8040789
8055218
8018976
8026596
8024053
7959391
8002400
8028503
8043413
8024951
8063275
8044112
8045094
8016231
8034978
8024754
8018757
8041043
8028943
8014201
8053717
8022141
8045738
8035253
8048184
8020225
8036938
7955182
8016911
8057851
8015120
8023727
8047552
8031045
8030329
8029163
8028917
8060728
8019454
8031523
8005167
8045524
7970384
8043320
8059993
8038690
8021633
8041948
8037840
8054730
8023557
8045880
8042451
8034311
8026718
8033425
8023666
7947666
8024435
8040591
8040154
8049177
8028841
8023060
8038685
8038855
8051486
8038655
8009059
8042616
8035012
8040998
8015997
8064342
8031370
8015048
8035393
8032543
8010118
7951808
8035203
8036274
8023696
8003180
8046264
8025368
8024623
8021153
8037909
8024981
8014516
7990992
8040673
8027774
7957937
8035718
8032386
8022284
8021800
8029509
8021723
8021459
8013988
8050726
8050785
8036674
8054214
8035210
8036382
7989504
8059504
8047844
8024850
8033109
8046357
8048506
8037952
8038466
8053231
8018060
8028623
8026870
8041851
8009722
8024621
8052962
8040612
8028869
8044006
8038636
8044480
7973777
8043159
8058595
8009090
8021566
8033486
8052376
8015204
8021033
8027177
8032836
8017242
8019585
8033419
8013183
7955327
8038251
8034541
8026323
8025567
8027737
8032589
8017827
8017931
8034806
8021827
8031665
8044936
8029766
8016226
7966225
7999851
8035872
8026409
8028241
8026676
8027315
8027884
8045612
8034619
8030280
8034144
8038109
8028746
8014295
8013187
8049200
8042806
8020585
8011868
8035003
8038794
7963755
8039964
8045696
7996890
8042271
8057945
8020913
8004046
8031903
8015546
8021287
8020480
8042510
8044274
8019340
7977237
8016367
8046333
8040659
8032641
8047038
8054408
8044996
8058821
8050410
8019657
8017122
8039826
8058316
8032650
7997072
8042193
8045815
8035259
8044497
8049083
8032516
8021695
8027132
8036329
8016025
8034331
8021003
8030102
8021594
8030345
8042403
8021542
8025993
8033864
8037586
8026322
7952594
8020298
8043216
8033744
8050728
8028349
8041688
8014861
8018629
8029761
8026947
8019053
8024961
8035939
8024369
7976868
8027701
8026812
8024847
8028712
8052149
8039480
8034348
8055203
8041595
8040998
8035941
8016292
8052843
8050410
8020838
8054432
8043641
8054473
8019737
7999629
8036283
7937635
8037992
8044437
8003108
8041898
7982842
8049756
8029418
8025717
7997228
8008619
8015390
8038769
8052502
8029555
7971701
8043781
8066273
8030245
8023557
8027544
8031832
8043320
8026474
8062214
8043196
8034390
8019271
8033075
8037276
7965554
8050019
8034944
8044925
8041156
8027625
8035124
8034210
8036005
8027741
8039687
8177080
8064072
8032106
8031692
8042483
8062955
8039466
8045854
8037577
8029942
8057601
7988070
8040187
8041538
7990852
8042976
8053525
8039015
8025800
8023366
8029143
8046256
8042951
8034825
8048080
8036679
7975237
8053296
8048923
8036048
8062551
8084686
8074912
8057358
8038769
8067447
8063044
8046775
8053232
8057930
8058507
7984146
8060895
8051763
8057137
8049099
8043615
8066057
8012791
8033723
8048516
8022589
8025559
8064058
8080117
8029896
8073555
8069499
8037632
8052201
8058775
8031073
8057529
7980196
8038901
8073013
8033603
8055814
8082601
8050221
8114839
8072218
8043428
8040686
8082028
8045216
8045804
8021023
7974495
8030188
8031907
8043364
8035812
8047886
8025532
8024031
8025466
8033316
8021900
8017928
8026853
8027515
8036381
8041821
8078144
8050017
8038852
8039667
8041902
8035250
7952163
8014352
8024556
8047331
8038542
8048427
8031162
8055338
8030628
8059387
8054846
8015900
8010075
8025418
8015426
7953522
8039165
8026487
8046203
8050231
8053970
8041187
8045069
8011533
7988347
8040941
8044822
8048160
8036306
8018370
7970317
8064881
8032136
8028469
8037304
7983899
8055105
8030275
8059202
8041005
8037429
8024388
8054782
8057491
8029811
8044683
8063365
8016882
8037364
8021504
8049224
8094095
7984436
8054589
8063741
8042072
8033619
8053407
8032448
8058834
8038087
9248178
8836511
8053424
8020248
8060251
8044175
7944379
8050511
8048134
8027464
8052422
8031985
8056399
8018609
8061647
8049547
8018419
8041057
8021330
8033990
8023016
7969501
8017499
8034899
8004148
8059949
8052176
8052384
7985058
8050573
8035725
8036667
8037267
8040753
8043133
8045493
8062823
8056785
8021711
8036938
8021766
8026373
8026887
7946096
8050868
8032501
8003380
8031847
8049434
8013931
8018096
8031711
8038114
8001129
8032984
8017145
8047026
8034810
7989876
8037592
8025896
8015570
8025269
8048428
8025857
8036418
8048296
8034564
8049998
8030396
8051199
8033869
8032732
7963539
8059071
8039220
8035139
8047303
8058212
7982872
8019212
8044351
8034789
8019559
8056934